0.000000000000000000e+00 3.159101081853674486e+02 1.020435582193715200e+19
6.887115577889447310e-03 3.269895967144263977e+02 1.020435582193715200e+19
1.377423115577889462e-02 3.381090137641774618e+02 1.020435582193715200e+19
2.066134673366834193e-02 3.492662223337683258e+02 1.020435582193715200e+19
2.754846231155778924e-02 3.604590660296901774e+02 1.020435582193715200e+19
3.443557788944723308e-02 3.716853695799948127e+02 1.020435582193715200e+19
4.132269346733668386e-02 3.829429393561854340e+02 1.020435582193715200e+19
4.820980904522613464e-02 3.942295639027627203e+02 1.020435582193715200e+19
5.509692462311557848e-02 4.055430144741106346e+02 1.020435582193715200e+19
6.198404020100502232e-02 4.168810455786899070e+02 1.020435582193715200e+19
6.887115577889446616e-02 4.282413955303396733e+02 1.020435582193715200e+19
7.575827135678392388e-02 4.396217870064680824e+02 1.020435582193715200e+19
8.264538693467336772e-02 4.510199276130823591e+02 1.020435582193715200e+19
8.953250251256281156e-02 4.624335104563636492e+02 1.020435582193715200e+19
9.641961809045226928e-02 4.738602147206163409e+02 1.020435582193715200e+19
1.033067336683416992e-01 4.852977062525068277e+02 1.020435582193715200e+19
1.101938492462311570e-01 4.967436381513797414e+02 1.020435582193715200e+19
1.170809648241206008e-01 5.081956513653422007e+02 1.020435582193715200e+19
1.239680804020100446e-01 5.196513752931102772e+02 1.020435582193715200e+19
1.308551959798995024e-01 5.311084283913126001e+02 1.020435582193715200e+19
1.377423115577889323e-01 5.425644187870975657e+02 1.020435582193715200e+19
1.446294271356783900e-01 5.540169448958391740e+02 1.020435582193715200e+19
1.515165427135678478e-01 5.654635960437384483e+02 1.020435582193715200e+19
1.584036582914572777e-01 5.769019530951168235e+02 1.020435582193715200e+19
1.652907738693467354e-01 5.883295890841915252e+02 1.020435582193715200e+19
1.721778894472361654e-01 5.997440698512892823e+02 1.020435582193715200e+19
1.790650050251256231e-01 6.111429546828478578e+02 1.020435582193715200e+19
1.859521206030150808e-01 6.225237969556368398e+02 1.020435582193715200e+19
1.928392361809045386e-01 6.338841447843666401e+02 1.020435582193715200e+19
1.997263517587939685e-01 6.452215416729339950e+02 1.020435582193715200e+19
2.066134673366833985e-01 6.565335271688111334e+02 1.020435582193715200e+19
2.135005829145728562e-01 6.678176375204519672e+02 1.020435582193715200e+19
2.203876984924623139e-01 6.790714063375716023e+02 1.020435582193715200e+19
2.272748140703517716e-01 6.902923652539591330e+02 1.020435582193715200e+19
2.341619296482412016e-01 7.014780445926154471e+02 1.020435582193715200e+19
2.410490452261306316e-01 7.126259740331413468e+02 1.020435582193715200e+19
2.479361608040200893e-01 7.237336832809055522e+02 1.020435582193715200e+19
2.548232763819095470e-01 7.347987027380137306e+02 1.020435582193715200e+19
2.617103919597990047e-01 7.458185641756915629e+02 1.020435582193715200e+19
2.685975075376884624e-01 7.567908014078943779e+02 1.020435582193715200e+19
2.754846231155778646e-01 7.677129509659641826e+02 1.020435582193715200e+19
2.823717386934673224e-01 7.785825527740250891e+02 1.020435582193715200e+19
2.892588542713567801e-01 7.893971508249640010e+02 1.020435582193715200e+19
2.961459698492462378e-01 8.001542938567072270e+02 1.020435582193715200e+19
3.030330854271356955e-01 8.108515360285979341e+02 1.020435582193715200e+19
3.099202010050251532e-01 8.214864375976396786e+02 1.020435582193715200e+19
3.168073165829145554e-01 8.320565655943299816e+02 1.020435582193715200e+19
3.236944321608040687e-01 8.425594944979393404e+02 1.020435582193715200e+19
3.305815477386934709e-01 8.529928069109241733e+02 1.020435582193715200e+19
3.374686633165828731e-01 8.633540942322511000e+02 1.020435582193715200e+19
3.443557788944723308e-01 8.736409573294783968e+02 1.020435582193715200e+19
3.512428944723617885e-01 8.838510072092433347e+02 1.020435582193715200e+19
3.581300100502512462e-01 8.939818656860201145e+02 1.020435582193715200e+19
3.650171256281407040e-01 9.040311660488608823e+02 1.020435582193715200e+19
3.719042412060301617e-01 9.139965537259338362e+02 1.020435582193715200e+19
3.787913567839196194e-01 9.238756869465865975e+02 1.020435582193715200e+19
3.856784723618090771e-01 9.336662374007090648e+02 1.020435582193715200e+19
3.925655879396985348e-01 9.433658908952194224e+02 1.020435582193715200e+19
3.994527035175879370e-01 9.529723480073665769e+02 1.020435582193715200e+19
4.063398190954773392e-01 9.624833247347003180e+02 1.020435582193715200e+19
4.132269346733667970e-01 9.718965531413670078e+02 1.020435582193715200e+19
4.201140502512562547e-01 9.812097820006960092e+02 1.020435582193715200e+19
4.270011658291457124e-01 9.904207774336479133e+02 1.020435582193715200e+19
4.338882814070351701e-01 9.995273235429938268e+02 1.020435582193715200e+19
4.407753969849246278e-01 1.008527223043086337e+03 1.020435582193715200e+19
4.476625125628140855e-01 1.017418297884825051e+03 1.020435582193715200e+19
4.545496281407035433e-01 1.026198389875713247e+03 1.020435582193715200e+19
4.614367437185930010e-01 1.034865361294835111e+03 1.020435582193715200e+19
4.683238592964824032e-01 1.043417095502361690e+03 1.020435582193715200e+19
4.752109748743718609e-01 1.051851497543585310e+03 1.020435582193715200e+19
4.820980904522612631e-01 1.060166494747069464e+03 1.020435582193715200e+19
4.889852060301507208e-01 1.068360037316927901e+03 1.020435582193715200e+19
4.958723216080401786e-01 1.076430098918729527e+03 1.020435582193715200e+19
5.027594371859296363e-01 1.084374677259187138e+03 1.020435582193715200e+19
5.096465527638190940e-01 1.092191794659087236e+03 1.020435582193715200e+19
5.165336683417085517e-01 1.099879498619444348e+03 1.020435582193715200e+19
5.234207839195980094e-01 1.107435862380728622e+03 1.020435582193715200e+19
5.303078994974874671e-01 1.114858985474767678e+03 1.020435582193715200e+19
5.371950150753769249e-01 1.122146994269333618e+03 1.020435582193715200e+19
5.440821306532663826e-01 1.129298042505105968e+03 1.020435582193715200e+19
5.509692462311557293e-01 1.136310311824899145e+03 1.020435582193715200e+19
5.578563618090451870e-01 1.143182012294839524e+03 1.020435582193715200e+19
5.647434773869346447e-01 1.149911382917526907e+03 1.020435582193715200e+19
5.716305929648241024e-01 1.156496692136825459e+03 1.020435582193715200e+19
5.785177085427135601e-01 1.162936238334041718e+03 1.020435582193715200e+19
5.854048241206030179e-01 1.169228350315683883e+03 1.020435582193715200e+19
5.922919396984924756e-01 1.175371387792123187e+03 1.020435582193715200e+19
5.991790552763819333e-01 1.181363741847475012e+03 1.020435582193715200e+19
6.060661708542713910e-01 1.187203835400119260e+03 1.020435582193715200e+19
6.129532864321608487e-01 1.192890123654040281e+03 1.020435582193715200e+19
6.198404020100503065e-01 1.198421094540628246e+03 1.020435582193715200e+19
6.267275175879396532e-01 1.203795269150862623e+03 1.020435582193715200e+19
6.336146331658291109e-01 1.209011202157700609e+03 1.020435582193715200e+19
6.405017487437185686e-01 1.214067482228499330e+03 1.020435582193715200e+19
6.473888643216081373e-01 1.218962732427527271e+03 1.020435582193715200e+19
6.542759798994974840e-01 1.223695610608089510e+03 1.020435582193715200e+19
6.611630954773869417e-01 1.228264809794404300e+03 1.020435582193715200e+19
6.680502110552763995e-01 1.232669058553016157e+03 1.020435582193715200e+19
6.749373266331657462e-01 1.236907121353531693e+03 1.020435582193715200e+19
6.818244422110553149e-01 1.240977798918824874e+03 1.020435582193715200e+19
6.887115577889446616e-01 1.244879928564254215e+03 1.020435582193715200e+19
6.955986733668342303e-01 1.248612384525882362e+03 1.020435582193715200e+19
7.024857889447235770e-01 1.252174078277817443e+03 1.020435582193715200e+19
7.093729045226131458e-01 1.255563958838341478e+03 1.020435582193715200e+19
7.162600201005024925e-01 1.258781013064694434e+03 1.020435582193715200e+19
7.231471356783920612e-01 1.261824265936531901e+03 1.020435582193715200e+19
7.300342512562814079e-01 1.264692780827969500e+03 1.020435582193715200e+19
7.369213668341707546e-01 1.267385659768211099e+03 1.020435582193715200e+19
7.438084824120603233e-01 1.269902043690125993e+03 1.020435582193715200e+19
7.506955979899496700e-01 1.272241112667698189e+03 1.020435582193715200e+19
7.575827135678392388e-01 1.274402086141265499e+03 1.020435582193715200e+19
7.644698291457285855e-01 1.276384223131106637e+03 1.020435582193715200e+19
7.713569447236181542e-01 1.278186822439067100e+03 1.020435582193715200e+19
7.782440603015075009e-01 1.279809222838221558e+03 1.020435582193715200e+19
7.851311758793970697e-01 1.281250803250446552e+03 1.020435582193715200e+19
7.920182914572864163e-01 1.282510982912093368e+03 1.020435582193715200e+19
7.989054070351758741e-01 1.283589221527248810e+03 1.020435582193715200e+19
8.057925226130653318e-01 1.284485019409059532e+03 1.020435582193715200e+19
8.126796381909546785e-01 1.285197917608735452e+03 1.020435582193715200e+19
8.195667537688442472e-01 1.285727498032317271e+03 1.020435582193715200e+19
8.264538693467335939e-01 1.286073383545155593e+03 1.020435582193715200e+19
8.333409849246231627e-01 1.286235238064205532e+03 1.020435582193715200e+19
8.402281005025125094e-01 1.286212766637658433e+03 1.020435582193715200e+19
8.471152160804020781e-01 1.286005715512846109e+03 1.020435582193715200e+19
8.540023316582914248e-01 1.285613872191040400e+03 1.020435582193715200e+19
8.608894472361809935e-01 1.285037065470514108e+03 1.020435582193715200e+19
8.677765628140703402e-01 1.284275165477020892e+03 1.020435582193715200e+19
8.746636783919597979e-01 1.283328083681793032e+03 1.020435582193715200e+19
8.815507939698492557e-01 1.282195772907357650e+03 1.020435582193715200e+19
8.884379095477386024e-01 1.280878227321001759e+03 1.020435582193715200e+19
8.953250251256281711e-01 1.279375482415846136e+03 1.020435582193715200e+19
9.022121407035175178e-01 1.277687614979731734e+03 1.020435582193715200e+19
9.090992562814070865e-01 1.275814743051641699e+03 1.020435582193715200e+19
9.159863718592964332e-01 1.273757025866133290e+03 1.020435582193715200e+19
9.228734874371860020e-01 1.271514663785446828e+03 1.020435582193715200e+19
9.297606030150753487e-01 1.269087898219175713e+03 1.020435582193715200e+19
9.366477185929648064e-01 1.266477011532404731e+03 1.020435582193715200e+19
9.435348341708542641e-01 1.263682326941260726e+03 1.020435582193715200e+19
9.504219497487437218e-01 1.260704208396668264e+03 1.020435582193715200e+19
9.573090653266331795e-01 1.257543060455988325e+03 1.020435582193715200e+19
9.641961809045225262e-01 1.254199328143023422e+03 1.020435582193715200e+19
9.710832964824120950e-01 1.250673496795849360e+03 1.020435582193715200e+19
9.779704120603014417e-01 1.246966091903099141e+03 1.020435582193715200e+19
9.848575276381910104e-01 1.243077678928458454e+03 1.020435582193715200e+19
9.917446432160803571e-01 1.239008863123651736e+03 1.020435582193715200e+19
9.986317587939699258e-01 1.234760289329633679e+03 1.020435582193715200e+19
1.005518874371859273e+00 1.230332641766766756e+03 1.020435582193715200e+19
1.012405989949748841e+00 1.225726643813105284e+03 1.020435582193715200e+19
1.019293105527638188e+00 1.220943057771940857e+03 1.020435582193715200e+19
1.026180221105527757e+00 1.215982684627697381e+03 1.020435582193715200e+19
1.033067336683417103e+00 1.210846363791160911e+03 1.020435582193715200e+19
1.039954452261306450e+00 1.205534972833574557e+03 1.020435582193715200e+19
1.046841567839196019e+00 1.200049427209795340e+03 1.020435582193715200e+19
1.053728683417085366e+00 1.194390679970987549e+03 1.020435582193715200e+19
1.060615798994974934e+00 1.188559721466467181e+03 1.020435582193715200e+19
1.067502914572864281e+00 1.182557579034926221e+03 1.020435582193715200e+19
1.074390030150753850e+00 1.176385316685955786e+03 1.020435582193715200e+19
1.081277145728643196e+00 1.170044034770346570e+03 1.020435582193715200e+19
1.088164261306532765e+00 1.163534869641257501e+03 1.020435582193715200e+19
1.095051376884422112e+00 1.156858993304459091e+03 1.020435582193715200e+19
1.101938492462311459e+00 1.150017613059802443e+03 1.020435582193715200e+19
1.108825608040201027e+00 1.143011971132002145e+03 1.020435582193715200e+19
1.115712723618090374e+00 1.135843344292386973e+03 1.020435582193715200e+19
1.122599839195979943e+00 1.128513043471398305e+03 1.020435582193715200e+19
1.129486954773869289e+00 1.121022413361350573e+03 1.020435582193715200e+19
1.136374070351758858e+00 1.113372832010400543e+03 1.020435582193715200e+19
1.143261185929648205e+00 1.105565710407831375e+03 1.020435582193715200e+19
1.150148301507537774e+00 1.097602492059867018e+03 1.020435582193715200e+19
1.157035417085427120e+00 1.089484652557658137e+03 1.020435582193715200e+19
1.163922532663316689e+00 1.081213699136091691e+03 1.020435582193715200e+19
1.170809648241206036e+00 1.072791170225139467e+03 1.020435582193715200e+19
1.177696763819095382e+00 1.064218634992243096e+03 1.020435582193715200e+19
1.184583879396984951e+00 1.055497692877409008e+03 1.020435582193715200e+19
1.191470994974874298e+00 1.046629973120304385e+03 1.020435582193715200e+19
1.198358110552763867e+00 1.037617134279700167e+03 1.020435582193715200e+19
1.205245226130653213e+00 1.028460863745670395e+03 1.020435582193715200e+19
1.212132341708542782e+00 1.019162877244627907e+03 1.020435582193715200e+19
1.219019457286432129e+00 1.009724918337065901e+03 1.020435582193715200e+19
1.225906572864321697e+00 1.000148757908606058e+03 1.020435582193715200e+19
1.232793688442211044e+00 9.904361936546561083e+02 1.020435582193715200e+19
1.239680804020100613e+00 9.805890495579965318e+02 1.020435582193715200e+19
1.246567919597989960e+00 9.706091753608325234e+02 1.020435582193715200e+19
1.253455035175879306e+00 9.604984460301666331e+02 1.020435582193715200e+19
1.260342150753768875e+00 9.502587612176462244e+02 1.020435582193715200e+19
1.267229266331658222e+00 9.398920447135078575e+02 1.020435582193715200e+19
1.274116381909547790e+00 9.294002438952807097e+02 1.020435582193715200e+19
1.281003497487437137e+00 9.187853291709243422e+02 1.020435582193715200e+19
1.287890613065326706e+00 9.080492934171725210e+02 1.020435582193715200e+19
1.294777728643216275e+00 8.971941514127947812e+02 1.020435582193715200e+19
1.301664844221105399e+00 8.862219392672459435e+02 1.020435582193715200e+19
1.308551959798994968e+00 8.751347138449032173e+02 1.020435582193715200e+19
1.315439075376884537e+00 8.639345521848667886e+02 1.020435582193715200e+19
1.322326190954773883e+00 8.526235509170855948e+02 1.020435582193715200e+19
1.329213306532663230e+00 8.412038256739028839e+02 1.020435582193715200e+19
1.336100422110552799e+00 8.296775104989515057e+02 1.020435582193715200e+19
1.342987537688442368e+00 8.180467572516522523e+02 1.020435582193715200e+19
1.349874653266331492e+00 8.063137350092338238e+02 1.020435582193715200e+19
1.356761768844221061e+00 7.944806294652444194e+02 1.020435582193715200e+19
1.363648884422110630e+00 7.825496423254294314e+02 1.020435582193715200e+19
1.370536000000000199e+00 2.211439623311390000e+16 1.020429067645723238e+19
