0.000000000000000000e+00 2.436289100257909013e+01 5.875010650688044933e+01
6.887115577889447310e-03 2.657672976324420233e+01 5.858497690172625738e+01
1.377423115577889462e-02 2.886701295891225527e+01 5.843520110040914517e+01
2.066134673366834193e-02 3.123400823434576523e+01 5.829985693418910131e+01
2.754846231155778924e-02 3.367796844940676237e+01 5.817804608458087756e+01
3.443557788944723308e-02 3.619913154736877914e+01 5.806889587103434280e+01
4.132269346733668386e-02 3.879772042660442821e+01 5.797156081475043976e+01
4.820980904522613464e-02 4.147394281605011201e+01 5.788522398292671056e+01
5.509692462311557848e-02 4.422799115417774374e+01 5.780909811963854850e+01
6.198404020100502232e-02 4.706004247196688084e+01 5.774242657189455485e+01
6.887115577889446616e-02 4.997025827918150753e+01 5.768448402029810751e+01
7.575827135678392388e-02 5.295878445503785770e+01 5.763457702542929439e+01
8.264538693467336772e-02 5.602575114235969522e+01 5.759204440152408466e+01
8.953250251256281156e-02 5.917127264574673973e+01 5.755625742968435077e+01
9.641961809045226928e-02 6.239544733346974681e+01 5.752661992331402274e+01
1.033067336683416992e-01 6.569835754418363649e+01 5.750256815815266975e+01
1.101938492462311570e-01 6.908006949626951609e+01 5.748357067965457645e+01
1.170809648241206008e-01 7.254063320301793283e+01 5.746912799967804375e+01
1.239680804020100446e-01 7.608008239015043728e+01 5.745877219441153727e+01
1.308551959798995024e-01 7.969843441892771807e+01 5.745206641476750065e+01
1.377423115577889323e-01 8.339569021267425342e+01 5.744860431984680815e+01
1.446294271356783900e-01 8.717183418785634785e+01 5.744800944359442951e+01
1.515165427135678478e-01 9.102683418933520443e+01 5.744993450388346190e+01
1.584036582914572777e-01 9.496064142977729716e+01 5.745406066269364942e+01
1.652907738693467354e-01 9.897319043370180225e+01 5.746009674530346700e+01
1.721778894472361654e-01 1.030643989855952896e+02 5.746777842573711581e+01
1.790650050251256231e-01 1.072341680828426433e+02 5.747686738492557623e+01
1.859521206030150808e-01 1.114823818926356580e+02 5.748715044757911130e+01
1.928392361809045386e-01 1.158089077132526654e+02 5.749843870298305148e+01
1.997263517587939685e-01 1.202135959405782160e+02 5.751056661439423578e+01
2.066134673366833985e-01 1.246962800381174929e+02 5.752339112119172171e+01
2.135005829145728562e-01 1.292567765124267680e+02 5.753679073742997474e+01
2.203876984924623139e-01 1.338948848921882018e+02 5.755066464995931597e+01
2.272748140703517716e-01 1.386103877128384738e+02 5.756493181882542842e+01
2.341619296482412016e-01 1.434030505048349369e+02 5.757953008241887005e+01
2.410490452261306316e-01 1.482726217871222616e+02 5.759441526923645682e+01
2.479361608040200893e-01 1.532188330649614727e+02 5.760956031818913914e+01
2.548232763819095470e-01 1.582413988325433820e+02 5.762495440872271502e+01
2.617103919597990047e-01 1.633400165798475427e+02 5.764060210208813118e+01
2.685975075376884624e-01 1.685143668044456717e+02 5.765652249477578550e+01
2.754846231155778646e-01 1.737641130281826918e+02 5.767274838489943534e+01
2.823717386934673224e-01 1.790889018178536389e+02 5.768932545231399445e+01
2.892588542713567801e-01 1.844883628112120277e+02 5.770631145299184084e+01
2.961459698492462378e-01 1.899621087468749465e+02 5.772377542819371854e+01
3.030330854271356955e-01 1.955097354998670198e+02 5.774179692881276793e+01
3.099202010050251532e-01 2.011308221209833391e+02 5.776046525525902808e+01
3.168073165829145554e-01 2.068249308810773073e+02 5.777987871319484015e+01
3.236944321608040687e-01 2.125916073202179177e+02 5.780014388540210035e+01
3.305815477386934709e-01 2.184303803012189746e+02 5.782137492009072588e+01
3.374686633165828731e-01 2.243407620676925944e+02 5.784369283582986299e+01
3.443557788944723308e-01 2.303222483075142009e+02 5.786722484347780693e+01
3.512428944723617885e-01 2.363743182198227260e+02 5.789210368531196593e+01
3.581300100502512462e-01 2.424964345871358091e+02 5.791846699176682733e+01
3.650171256281407040e-01 2.486880438525031423e+02 5.794645665595837158e+01
3.719042412060301617e-01 2.549485762005483593e+02 5.797621822656153512e+01
3.787913567839196194e-01 2.612774456433294290e+02 5.800790031921758327e+01
3.856784723618090771e-01 2.676740501107569798e+02 5.804165404706768072e+01
3.925655879396985348e-01 2.741377715458816056e+02 5.807763247073263102e+01
3.994527035175879370e-01 2.806679760039032772e+02 5.811599006832770442e+01
4.063398190954773392e-01 2.872640137562912059e+02 5.815688222594419443e+01
4.132269346733667970e-01 2.939252193997058384e+02 5.820046474914482104e+01
4.201140502512562547e-01 3.006509119679899413e+02 5.824689339606011629e+01
4.270011658291457124e-01 3.074403950500695828e+02 5.829632343258055727e+01
4.338882814070351701e-01 3.142929569115790400e+02 5.834890921028383559e+01
4.407753969849246278e-01 3.212078706204838454e+02 5.840480376763827763e+01
4.476625125628140855e-01 3.281843941778333829e+02 5.846415845503690178e+01
4.545496281407035433e-01 3.352217706521864784e+02 5.852712258424731573e+01
4.614367437185930010e-01 3.423192283185444467e+02 5.859384310280734098e+01
4.683238592964824032e-01 3.494759808014655391e+02 5.866446429386289907e+01
4.752109748743718609e-01 3.566912272221447893e+02 5.873912750194681820e+01
4.820980904522612631e-01 3.639641523500699805e+02 5.881797088511949312e+01
4.889852060301507208e-01 3.712939267585097696e+02 5.890112919386100998e+01
4.958723216080401786e-01 3.786797069839512915e+02 5.898873357702204601e+01
5.027594371859296363e-01 3.861206356896559555e+02 5.908091141518873002e+01
5.096465527638190940e-01 3.936158418333525333e+02 5.917778618150052949e+01
5.165336683417085517e-01 4.011644408386878240e+02 5.927947733022550381e+01
5.234207839195980094e-01 4.087655347704212545e+02 5.938610021297235875e+01
5.303078994974874671e-01 4.164182125138822812e+02 5.949776602261601965e+01
5.371950150753769249e-01 4.241215499577288028e+02 5.961458176477595572e+01
5.440821306532663826e-01 4.318746101805127182e+02 5.973665025653572513e+01
5.509692462311557293e-01 4.396764436412950090e+02 5.986407015226882322e+01
5.578563618090451870e-01 4.475260883734599702e+02 5.999693599597051730e+01
5.647434773869346447e-01 4.554225701821987968e+02 6.013533829971799349e+01
5.716305929648241024e-01 4.633649028456638916e+02 6.027936364764715194e+01
5.785177085427135601e-01 4.713520883192873043e+02 6.042909482469835325e+01
5.854048241206030179e-01 4.793831169439936275e+02 6.058461096938777501e+01
5.922919396984924756e-01 4.874569676569572039e+02 6.074598774978397131e+01
5.991790552763819333e-01 4.955726082062205933e+02 6.091329756161330522e+01
6.060661708542713910e-01 5.037289953684817192e+02 6.108660974762820217e+01
6.129532864321608487e-01 5.119250751699451030e+02 6.126599083698937420e+01
6.198404020100503065e-01 5.201597831097715243e+02 6.145150480357461475e+01
6.267275175879396532e-01 5.284320443874844386e+02 6.164321334194945479e+01
6.336146331658291109e-01 5.367407741325828283e+02 6.184117615970874482e+01
6.405017487437185686e-01 5.450848776371722124e+02 6.204545128482877914e+01
6.473888643216081373e-01 5.534632505917102208e+02 6.225609538670196486e+01
6.542759798994974840e-01 5.618747793229899798e+02 6.247316410935719233e+01
6.611630954773869417e-01 5.703183410351716702e+02 6.269671241544652673e+01
6.680502110552763995e-01 5.787928040533311105e+02 6.292679493952547176e+01
6.749373266331657462e-01 5.872970280694398753e+02 6.316346634911894853e+01
6.818244422110553149e-01 5.958298643910356986e+02 6.340678171207919434e+01
6.887115577889446616e-01 6.043901561918560219e+02 6.365679686868116960e+01
6.955986733668342303e-01 6.129767387646920724e+02 6.391356880702780074e+01
7.024857889447235770e-01 6.215884397777172126e+02 6.417715604017512021e+01
7.093729045226131458e-01 6.302240795308703127e+02 6.444761898351137575e+01
7.162600201005024925e-01 6.388824712163391268e+02 6.472502033095879881e+01
7.231471356783920612e-01 6.475624211797162388e+02 6.500942542845541539e+01
7.300342512562814079e-01 6.562627291834423886e+02 6.530090264335339612e+01
7.369213668341707546e-01 6.649821886725080731e+02 6.559952372831182288e+01
7.438084824120603233e-01 6.737195870411483156e+02 6.590536417826562854e+01
7.506955979899496700e-01 6.824737059016506464e+02 6.621850357917946894e+01
7.575827135678392388e-01 6.912433213550707478e+02 6.653902594730071485e+01
7.644698291457285855e-01 7.000272042627216251e+02 6.686702005752076161e+01
7.713569447236181542e-01 7.088241205194344730e+02 6.720257975982210041e+01
7.782440603015075009e-01 7.176328313286430785e+02 6.754580428242344681e+01
7.851311758793970697e-01 7.264520934776446666e+02 6.789679852061526333e+01
7.920182914572864163e-01 7.352806596153168357e+02 6.825567331017232675e+01
7.989054070351758741e-01 7.441172785300027499e+02 6.862254568425106527e+01
8.057925226130653318e-01 7.529606954284913627e+02 6.899753911284096830e+01
8.126796381909546785e-01 7.618096522165824354e+02 6.938078372378987524e+01
8.195667537688442472e-01 7.706628877798270878e+02 6.977241650452862132e+01
8.264538693467335939e-01 7.795191382653306391e+02 7.017258148369114679e+01
8.333409849246231627e-01 7.883771373640252023e+02 7.058142989176339199e+01
8.402281005025125094e-01 7.972356165939295352e+02 7.099912030019174836e+01
8.471152160804020781e-01 8.060933055834807419e+02 7.142581873812206084e+01
8.540023316582914248e-01 8.149489323555335432e+02 7.186169878637916497e+01
8.608894472361809935e-01 8.238012236115328051e+02 7.230694164794191181e+01
8.677765628140703402e-01 8.326489050163017964e+02 7.276173619464179865e+01
8.746636783919597979e-01 8.414907014824821090e+02 7.322627898961808057e+01
8.815507939698492557e-01 8.503253374553710273e+02 7.370077428521670981e+01
8.884379095477386024e-01 8.591515371977502582e+02 7.418543399609983169e+01
8.953250251256281711e-01 8.679680250746550882e+02 7.468047764747385031e+01
9.022121407035175178e-01 8.767735258377188075e+02 7.518613229825339772e+01
9.090992562814070865e-01 8.855667649093466025e+02 7.570263243929100838e+01
9.159863718592964332e-01 8.943464686670690753e+02 7.623021986669229477e+01
9.228734874371860020e-01 9.031113647265287909e+02 7.676914353041473760e+01
9.297606030150753487e-01 9.118601822248151620e+02 7.731965935851067684e+01
9.366477185929648064e-01 9.205916521026670125e+02 7.788203005725277706e+01
9.435348341708542641e-01 9.293045073862026584e+02 7.845652488776374867e+01
9.504219497487437218e-01 9.379974834680187996e+02 7.904341941956620587e+01
9.573090653266331795e-01 9.466693183871939254e+02 7.964299526187025435e+01
9.641961809045225262e-01 9.553187531081507586e+02 8.025553977317115084e+01
9.710832964824120950e-01 9.639445317996542144e+02 8.088134575019603290e+01
9.779704120603014417e-01 9.725454021110399481e+02 8.152071109699390661e+01
9.848575276381910104e-01 9.811201154486557243e+02 8.217393847528263962e+01
9.917446432160803571e-01 9.896674272503391876e+02 8.284133493712485574e+01
9.986317587939699258e-01 9.981860972590384335e+02 8.352321154117535684e+01
1.005518874371859273e+00 1.006674889794067440e+03 8.421988295373307665e+01
1.012405989949748841e+00 1.015132574022307836e+03 8.493166703599629841e+01
1.019293105527638188e+00 1.023557924226859996e+03 8.565888441889281069e+01
1.026180221105527757e+00 1.031949720074153902e+03 8.640185806698848126e+01
1.033067336683417103e+00 1.040306746879431557e+03 8.716091283301162207e+01
1.039954452261306450e+00 1.048627795870831960e+03 8.793637500450907396e+01
1.046841567839196019e+00 1.056911664450919943e+03 8.872857184432547228e+01
1.053728683417085366e+00 1.065157156456878056e+03 8.953783112644565279e+01
1.060615798994974934e+00 1.073363082418003160e+03 9.036448066889940378e+01
1.067502914572864281e+00 1.081528259812123906e+03 9.120884786539110678e+01
1.074390030150753850e+00 1.089651513318700381e+03 9.207125921719693906e+01
1.081277145728643196e+00 1.097731675070610891e+03 9.295203986712620292e+01
1.088164261306532765e+00 1.105767584903014722e+03 9.385151313697123499e+01
1.095051376884422112e+00 1.113758090600377727e+03 9.477000007015782046e+01
1.101938492462311459e+00 1.121702048140579336e+03 9.570781898100524643e+01
1.108825608040201027e+00 1.129598321936811772e+03 9.666528501213659297e+01
1.115712723618090374e+00 1.137445785076841275e+03 9.764270970140522365e+01
1.122599839195979943e+00 1.145243319559494466e+03 9.864040055967390686e+01
1.129486954773869289e+00 1.152989816528597203e+03 9.965866066070456952e+01
1.136374070351758858e+00 1.160684176504206789e+03 1.006977882442832026e+02
1.143261185929648205e+00 1.168325309610807381e+03 1.017580763337090843e+02
1.150148301507537774e+00 1.175912135802699140e+03 1.028398123685595209e+02
1.157035417085427120e+00 1.183443585086590247e+03 1.039432778536542656e+02
1.163922532663316689e+00 1.190918597740924270e+03 1.050687480249170846e+02
1.170809648241206036e+00 1.198336124532273971e+03 1.062164915328654899e+02
1.177696763819095382e+00 1.205695126928850186e+03 1.073867701442146227e+02
1.184583879396984951e+00 1.212994577310233581e+03 1.085798384620846093e+02
1.191470994974874298e+00 1.220233459174473865e+03 1.097959436651040050e+02
1.198358110552763867e+00 1.227410767341697920e+03 1.110353252656555298e+02
1.205245226130653213e+00 1.234525508154229101e+03 1.122982148874019259e+02
1.212132341708542782e+00 1.241576699673399617e+03 1.135848360620795177e+02
1.219019457286432129e+00 1.248563371873303367e+03 1.148954040455287640e+02
1.225906572864321697e+00 1.255484566830353288e+03 1.162301256527656079e+02
1.232793688442211044e+00 1.262339338909920571e+03 1.175891991118755868e+02
1.239680804020100613e+00 1.269126754949157657e+03 1.189728139363620016e+02
1.246567919597989960e+00 1.275845894436252365e+03 1.203811508156233572e+02
1.253455035175879306e+00 1.282495849685847134e+03 1.218143815229859115e+02
1.260342150753768875e+00 1.289075726011004917e+03 1.232726688408636591e+02
1.267229266331658222e+00 1.295584641891494357e+03 1.247561665024158941e+02
1.274116381909547790e+00 1.302021729137918101e+03 1.262650191490639315e+02
1.281003497487437137e+00 1.308386133052224977e+03 1.277993623032447346e+02
1.287890613065326706e+00 1.314677012584607382e+03 1.293593223556622434e+02
1.294777728643216275e+00 1.320893540486120855e+03 1.309450165663280359e+02
1.301664844221105399e+00 1.327034903457638393e+03 1.325565530786429917e+02
1.308551959798994968e+00 1.333100302294789344e+03 1.341940309457659453e+02
1.315439075376884537e+00 1.339088952028771473e+03 1.358575401684975361e+02
1.322326190954773883e+00 1.345000082063511854e+03 1.375471617439042120e+02
1.329213306532663230e+00 1.350832936308350781e+03 1.392629677239332295e+02
1.336100422110552799e+00 1.356586773307057683e+03 1.410050212832344130e+02
1.342987537688442368e+00 1.362260866362404613e+03 1.427733767954507016e+02
1.349874653266331492e+00 1.367854503656960787e+03 1.445680799172899356e+02
1.356761768844221061e+00 1.373366988369491537e+03 1.463891676795466594e+02
1.363648884422110630e+00 1.378797638787522828e+03 1.482366685845238976e+02
1.370536000000000199e+00 1.382227670300033878e+03 1.477716159673032905e+02
