# z 	 DM_ext
0.591655	792.949795
0.431792	362.933988
0.256573	227.671357
0.538026	473.088192
0.622510	902.471092
0.624953	929.959713
0.646974	639.451070
0.618510	732.634028
0.065039	33.198053
0.433344	441.929590
0.602447	706.883940
0.426698	399.265306
0.525979	471.534802
0.527779	48.336604
0.426109	585.719173
0.630281	936.062407
0.487267	859.943374
0.471174	614.094979
0.659241	711.361700
0.483252	394.040552
0.319960	840.568290
0.491292	590.301213
0.600949	747.112683
0.588511	723.213621
0.592461	826.438782
0.564780	138.998442
0.367980	264.340235
0.616693	723.453315
0.626770	921.831352
0.330731	419.633333
0.283495	259.619126
0.652521	605.416964
0.618710	785.554599
0.626704	784.393481
0.624512	708.781365
0.502794	410.266758
0.542669	837.410428
0.504251	560.439139
0.199679	315.149867
0.577818	452.796102
0.488131	426.124309
0.543148	785.824543
0.487025	199.396127
0.482551	514.682190
0.315286	348.557189
0.381811	500.241483
0.305844	225.612039
0.331741	227.527876
0.651711	1007.672198
0.301518	337.530836
0.376557	179.198432
0.521816	380.948951
0.529233	1127.684477
0.302173	183.818000
0.594184	679.085288
0.591325	575.074886
0.358024	565.369587
0.387248	514.661762
0.640843	719.812218
0.604801	161.760148
0.561171	824.639726
0.238037	227.593557
0.450819	740.453615
0.509734	534.460275
0.326183	417.889017
0.464048	220.636853
0.525781	665.597545
0.407528	371.190071
0.589891	530.936504
0.609653	396.518016
0.405610	246.807979
0.609066	445.543571
0.259646	225.532680
0.608762	880.655494
0.301242	259.928798
0.238787	322.876606
0.540972	287.763907
0.474216	555.512973
0.631365	667.946453
0.425226	786.217469
0.386427	565.828087
0.486241	477.921910
0.467386	613.765984
0.416070	281.565935
0.559733	629.373053
0.582635	329.866062
0.613740	560.591145
0.651674	520.864797
0.375086	489.957317
0.567612	580.228007
0.439883	584.241156
0.553788	591.481110
0.475925	243.593254
0.658098	850.569700
0.572079	778.323323
0.645367	956.248668
0.607858	674.552069
0.629781	796.955003
0.601082	761.914419
0.468767	299.036050
0.366570	212.786887
0.428644	183.807534
0.142671	110.512435
0.495717	513.766599
0.488018	1036.883616
0.496224	488.781219
0.652036	799.344186
0.632493	758.968764
0.307967	191.765913
0.427957	167.000524
0.453367	484.415598
0.423945	528.786678
0.595783	1212.447891
0.495735	442.150162
0.514713	780.172545
0.613750	573.081846
0.598262	714.954279
0.284952	335.897188
0.566849	272.353587
0.458455	223.803645
0.390470	97.145502
0.197966	175.674127
0.480652	618.357164
0.421472	316.816849
0.366410	420.718764
0.560063	467.191159
0.586013	793.092702
0.362470	509.804806
0.197132	307.100447
0.612363	650.536348
0.110972	103.632322
0.640569	843.275108
0.535746	405.720512
0.404709	343.172818
0.363465	224.300033
0.107112	167.970903
0.356914	444.862354
0.289458	352.034018
0.529979	505.334148
0.311508	131.481651
0.497582	775.141580
0.521636	559.436925
0.392282	362.581222
0.173895	220.329390
0.177761	111.872108
0.156831	69.389334
0.575619	552.401984
0.402739	292.643497
0.595049	490.715144
0.456821	702.747888
0.466114	506.019945
0.491216	493.347970
0.566539	681.785310
0.378924	663.658131
0.275964	131.350714
0.508463	707.056770
0.407325	459.863264
0.461550	286.101474
0.542869	483.757091
0.483511	485.156916
0.533015	657.481095
0.503791	390.565209
0.575851	621.170277
0.564045	677.633196
0.499809	488.266664
0.554441	812.025223
0.620397	875.773943
0.457059	452.031742
0.448341	812.277169
0.584232	328.934442
0.518742	75.775814
0.225341	201.235219
0.626345	708.140767
0.165883	221.404168
0.578812	605.682780
0.582373	368.307169
0.645559	478.868577
0.203806	346.316378
0.524201	753.820257
0.455096	601.577189
0.409176	492.417281
0.246565	297.861185
0.511043	379.996403
0.477214	459.907153
0.260572	338.801500
0.530100	576.955916
0.575215	181.875294
0.585264	937.476116
0.630566	884.599882
0.446850	341.145116
0.645548	729.054837
0.617775	985.176517
0.391461	187.105958
0.306165	310.935595
0.458434	449.827461
0.443398	414.787944
0.516112	714.542622
0.519061	479.655479
0.579359	326.969285
0.489996	239.202655
0.260825	68.020478
0.615464	599.502974
0.398463	510.739043
0.651193	517.361670
0.272706	329.973894
0.647156	777.862316
0.247276	179.368448
0.354228	434.213606
0.192861	292.441576
0.563755	576.358425
0.612867	568.259297
0.457854	522.683273
0.637875	1111.771381
0.521706	507.331520
0.536631	500.601900
0.611276	621.423476
0.391620	167.748472
0.420902	466.054763
0.630750	592.474784
0.629165	418.593825
0.652791	662.891042
0.629443	152.695795
0.280910	260.545618
0.604159	409.190412
0.447017	138.772669
0.657188	873.990921
0.474361	756.982388
0.507592	366.057832
0.498042	540.936013
0.404653	315.986811
0.230008	231.993397
0.627474	622.020063
0.597178	561.156095
0.290906	378.816906
0.588480	388.249888
0.535087	286.287420
0.446701	588.326599
0.367866	447.640569
0.615930	653.314773
0.562017	563.790198
0.505191	516.448001
0.529004	509.385190
0.247331	216.579292
0.475055	491.802613
0.330429	352.488172
0.340060	432.183208
0.548099	716.412889
0.632431	587.779696
0.444248	443.576404
0.339652	301.226987
0.543527	590.831133
0.619633	629.190177
0.578786	837.288602
0.618850	756.547955
0.500753	762.736807
0.580007	712.562992
0.291337	583.540708
0.417968	520.284775
0.437699	764.973647
0.490569	317.698328
0.638049	322.188471
0.620635	686.740870
0.286855	612.262790
0.316000	290.468517
0.422543	305.008167
0.388371	441.390238
0.530956	729.542071
0.629742	558.402239
0.648408	786.329665
0.545299	960.193552
0.608903	918.801856
0.496204	426.309120
0.340024	311.209008
0.495997	449.444522
0.508081	470.845875
0.576769	345.106716
0.347350	475.912705
0.427684	387.983415
0.425629	656.989241
0.647524	992.793581
0.462184	137.120234
0.581109	1067.737675
0.579641	721.837651
0.374458	386.481655
0.514624	480.774096
0.627044	662.005754
0.475594	409.464002
0.643070	741.543600
0.343937	156.620815
0.229018	275.358617
0.626135	548.714673
0.612014	222.718210
0.657736	714.061109
0.554617	616.515747
0.640436	644.220769
0.605222	335.062210
0.610952	884.284244
0.513566	592.137963
0.434342	246.142116
0.639769	677.420784
0.456991	475.054837
0.501655	230.876456
0.463130	541.352257
0.511886	716.518117
0.473608	620.644408
0.194947	118.104362
0.623125	873.384801
0.462380	400.058233
0.521188	882.407578
0.290634	104.358594
0.076194	141.340448
0.362765	419.730352
0.563569	455.677257
0.255435	366.037596
0.631680	723.144418
0.344294	54.337005
0.337610	384.906911
0.322126	340.491454
0.125088	87.610200
0.586800	1222.307178
0.620872	910.144511
0.530728	441.809159
0.326719	347.841493
0.385408	333.901709
0.475902	640.456535
0.645943	975.788762
0.363978	311.176425
0.573031	778.674892
0.460218	477.666846
0.392179	368.654795
0.467373	758.469252
0.225576	232.692074
0.595847	597.213332
0.361591	458.508835
0.570865	504.201738
0.222165	181.257298
0.646177	1027.007150
0.329970	421.630989
0.623348	841.338420
0.599441	501.192843
0.650131	711.082459
0.476730	838.384958
0.571556	513.442802
0.428830	287.325523
0.324100	341.689334
0.461805	424.216873
0.310928	173.555482
0.654502	935.322880
0.252542	580.191722
0.521291	575.298646
0.535316	696.959239
0.501360	729.221939
0.548418	667.328992
0.271219	62.842832
0.508056	345.548713
0.386460	170.646574
0.641527	184.391495
0.583491	509.414092
0.651568	618.024459
0.178284	124.170182
0.385329	164.758268
0.331578	349.203710
0.115488	79.204765
0.361012	504.366806
0.554396	111.041307
0.354260	531.553642
0.489633	826.525406
0.624973	759.699539
0.559739	708.675833
0.440054	726.969239
0.429667	319.692834
0.467295	948.849477
0.319008	457.717920
0.538108	692.396127
0.425690	383.239133
0.613539	669.032411
0.581607	675.885982
0.529358	626.675923
0.425714	539.237933
0.341054	142.499798
0.588272	551.631280
0.480301	462.201424
0.350374	263.998587
0.331413	214.684291
0.310674	166.822491
0.588613	538.030517
0.352978	357.718941
0.496784	227.671475
0.465487	788.494017
0.517611	679.977177
0.621554	770.572618
0.618523	455.684092
0.465283	535.737084
0.129346	164.208943
0.454475	848.149327
0.527733	673.943131
0.509133	568.753956
0.544473	778.833684
0.302250	175.294277
0.542718	166.597602
0.322917	408.829012
0.579543	361.028217
0.413418	246.651991
0.565438	722.739767
0.194795	140.235207
0.446118	517.292119
0.563727	878.593606
0.351680	285.466326
0.594710	457.137609
0.536917	313.783791
0.520660	327.096572
0.420552	183.927610
0.478646	250.923044
0.524388	512.706211
0.474438	411.282711
0.561353	687.662264
0.457688	670.770909
0.336098	465.216130
0.343605	369.962876
0.091852	48.410933
0.393831	495.256706
0.578992	543.784778
0.594333	369.946372
0.336225	503.749600
0.647402	590.236447
0.486928	369.573818
0.634240	901.727250
0.564337	860.752670
0.569827	549.704422
0.241054	205.963810
0.347417	387.579221
0.106309	190.824661
0.567624	304.102405
0.416076	465.363046
0.591813	959.280054
0.413343	313.758044
0.602709	908.225624
0.283697	530.020068
0.316415	233.236106
0.414309	540.497367
0.446403	348.994007
0.418178	574.628785
0.584028	767.954583
0.253238	167.244684
0.419412	531.019617
0.608602	820.459731
0.220278	205.669496
0.642204	461.951110
0.655814	400.875150
0.244758	272.861580
0.388656	762.631564
0.429634	607.590780
0.588353	582.744111
0.523848	559.448611
0.541923	441.916513
0.581935	419.567736
0.272811	270.685014
0.607280	613.115952
0.563934	649.805842
0.516737	850.472635
0.625586	699.498325
0.562059	646.887891
0.335723	167.571072
0.455941	993.860926
0.483477	662.409887
0.205299	357.286302
0.646034	629.186837
0.281925	296.563671
0.561052	598.068555
0.488499	348.677414
0.155286	233.265875
0.636688	926.355637
0.613367	451.940755
0.495824	266.463763
0.352951	469.362525
0.275995	202.903587
0.425324	494.076528
0.368679	457.637534
0.488687	437.777717
0.649683	858.133970
0.515816	570.338349
0.625649	881.003625
0.544306	707.046570
0.475615	695.715163
0.614268	242.547401
0.473974	356.397401
0.618808	373.779302
0.388820	371.333572
0.282122	467.832658
0.614498	625.108898
0.520604	734.438710
0.625381	552.527201
0.640792	614.665314
0.203103	376.494649
0.486338	469.435039
0.430852	591.124851
0.535092	423.186570
0.594142	943.437693
0.382844	430.617525
0.508754	659.877496
0.565028	315.466763
0.286777	295.737623
0.600966	881.363549
0.527701	773.078013
0.644448	315.897503
0.413638	344.725590
0.263930	254.424434
0.488610	329.838414
0.241868	338.911789
0.650646	516.124007
0.180216	148.937082
0.580564	704.890358
0.496164	513.131649
0.427832	549.572211
0.219105	462.708763
0.533718	321.695426
0.519764	657.916769
0.383005	267.299765
0.632103	616.233534
0.395497	129.043437
0.464698	308.884474
0.503617	440.028843
0.256441	207.466860
0.639018	929.103802
0.430649	565.697699
0.236451	498.379394
0.436647	504.958823
0.525469	414.076391
0.491529	435.375586
0.560017	482.492257
0.205664	182.148286
0.385006	500.289270
0.602675	636.565842
0.235478	203.685616
0.614553	437.978563
0.248178	31.382536
0.607689	470.203102
0.424068	239.870889
0.529995	709.504489
0.301346	173.045743
0.219507	306.278394
0.344873	305.444715
0.281316	98.608514
0.399839	561.237544
0.491826	544.277617
0.521118	401.631448
0.592893	862.715639
0.546260	241.727367
0.528699	380.702655
0.447897	579.198944
0.475008	590.441468
0.449135	360.714195
0.610214	331.090202
0.353597	528.778605
0.091392	82.669960
0.544467	391.409663
0.336222	356.994183
0.625708	940.103418
0.615709	332.563541
0.231946	337.079825
0.262295	294.662019
0.483944	477.882862
0.528873	679.437970
0.379705	694.524893
0.567858	455.413734
0.523464	335.675213
0.406230	650.984594
0.154716	217.840283
0.579415	589.566372
0.344124	397.819664
0.607695	759.024883
0.451728	620.611635
0.516635	813.728169
0.620201	605.899151
0.617191	538.651606
0.429215	519.386100
0.340385	317.405384
0.587932	682.544410
0.457416	428.773295
0.329316	180.311065
0.630265	641.363696
0.333358	444.038899
0.155666	260.940598
0.142782	150.966893
0.533774	377.398983
0.548233	533.520957
0.399129	553.106826
0.403768	383.838598
0.413621	516.838759
0.554891	581.829462
0.209235	165.109054
0.638062	856.551401
0.348994	167.092448
0.659900	710.368948
0.315096	209.764167
0.586712	309.925167
0.349546	367.777132
0.236525	247.334077
0.620840	779.783297
0.615613	790.703356
0.444163	571.685740
0.562797	531.360334
0.508859	588.823927
0.613731	673.821578
0.401214	381.643281
0.495588	555.064491
0.479868	791.996177
0.420726	288.521060
0.626136	926.933366
0.311022	96.048659
0.298756	234.687676
0.516571	423.320606
0.546716	636.630136
0.331043	166.343822
0.438242	683.911756
0.643521	880.880013
0.363547	435.459840
0.550651	701.971767
0.575973	916.155041
0.464005	647.418356
0.640698	681.776911
0.574766	702.094958
0.468237	509.254850
0.513642	574.332677
0.559333	512.300476
0.522426	525.872520
0.622050	355.172750
0.422178	366.343509
0.393263	486.646127
0.343544	618.673415
0.178675	406.033646
0.187323	208.315807
0.619268	707.309365
0.554259	402.271343
0.547819	692.076460
0.530908	331.852101
0.612515	517.797517
0.477729	566.256871
0.619383	543.322891
0.423418	163.497813
0.637305	912.940402
0.561475	519.455554
0.369686	150.597722
0.511601	254.492582
0.499346	398.687953
0.289596	171.709015
0.522066	686.199368
0.401074	327.953586
0.201306	330.083716
0.644173	475.765834
0.540867	555.709437
0.621478	750.481266
0.553420	645.279383
0.422225	489.926712
0.491137	773.644668
0.553309	443.775495
0.647776	672.126155
0.367662	566.707982
0.620854	396.945106
0.636478	335.445063
0.551391	424.745239
0.638737	755.799657
0.441552	384.250496
0.645530	488.161171
0.562933	557.888189
0.185708	232.535193
0.631042	528.772269
0.479492	432.462268
0.469268	531.270168
0.512528	859.364784
0.298660	370.746312
0.473040	642.261518
0.606596	554.861197
0.129693	98.958845
0.378597	369.570811
0.068172	150.164638
0.449671	447.672431
0.571875	790.808485
0.595875	1074.880531
0.643093	370.183148
0.528603	249.383230
0.368216	219.843238
0.636500	613.909661
0.587989	394.898420
0.515613	758.626352
0.560407	188.456691
0.636553	565.425344
0.566315	405.698969
0.427714	748.370796
0.566538	679.540438
0.182885	355.687950
0.436239	799.965117
0.445419	457.693948
0.311720	247.377548
0.149560	88.597081
0.285916	196.502619
0.545671	670.352168
0.597049	285.151141
0.656392	347.022246
0.417026	470.747255
0.525158	614.696619
0.640579	755.491343
0.311868	272.611942
0.568155	760.547781
0.581069	617.005754
0.245180	103.574221
0.616422	840.666917
0.600646	962.281752
0.170860	40.716700
0.247350	219.129063
0.196662	223.789681
0.411246	251.912728
0.489750	742.652504
0.499073	420.929592
0.375655	513.748227
0.632538	750.432569
0.427661	486.668625
0.191288	122.722903
0.393444	317.351331
0.498577	218.440638
0.446283	339.403209
0.379113	332.183228
0.284216	431.874057
0.602653	556.084396
0.658823	839.299081
0.408625	398.082351
0.433993	580.422949
0.532178	955.575913
0.568433	468.296590
0.438851	645.490161
0.630425	744.009900
0.510009	704.138708
0.464986	545.915234
0.542768	540.691529
0.645464	515.982953
0.594464	366.894195
0.182445	200.384164
0.410022	818.238873
0.473625	603.489865
0.400935	346.637521
0.562017	763.475258
0.604998	771.674003
0.572927	481.524067
0.656739	220.926337
0.378391	200.234969
0.620858	881.578881
0.585041	808.928718
0.424739	343.616212
0.573890	505.541127
0.260120	380.973918
0.592714	940.595420
0.499066	673.065592
0.389204	445.954270
0.546091	447.002420
0.540915	566.170539
0.340768	231.894645
0.165129	315.978510
0.457656	440.167564
0.513710	771.193917
0.621377	589.255619
0.637779	865.724205
0.497653	446.418983
0.580667	572.207474
0.460154	530.411662
0.578017	302.044102
0.337745	613.280418
0.428999	468.904046
0.538192	561.931762
0.137260	253.012896
0.569837	809.602589
0.608043	660.941523
0.442133	711.989529
0.463924	203.931434
0.613187	394.918350
0.588104	654.889100
0.386968	339.048988
0.405797	398.538598
0.554432	485.639633
0.511255	522.422146
0.308348	450.932084
0.398549	472.639670
0.628854	1245.088018
0.557754	765.313931
0.655709	732.781799
0.585173	506.393190
0.642089	597.743761
0.345031	509.034746
0.586691	227.221097
0.142624	100.117272
0.551516	826.242077
0.473089	560.674439
0.417222	293.513988
0.616796	500.263051
0.614158	859.246203
0.147720	297.602831
0.528980	424.476547
0.427455	398.121163
0.449648	659.602544
0.606896	804.471596
0.398502	559.094675
0.642424	692.591713
0.320823	535.174554
0.548612	483.042667
0.552000	384.469856
0.366807	479.790656
0.406192	458.156542
0.607802	852.136569
0.583401	326.897292
0.408399	596.371824
0.499716	411.289057
0.213866	283.141601
0.340293	87.665270
0.480056	566.756962
0.242040	333.417859
0.610595	568.498622
0.568281	434.378220
0.642607	696.306994
0.559636	778.183642
0.641597	604.311264
0.507857	399.505904
0.525476	427.864673
0.652942	1029.944622
0.541102	493.170560
0.165890	16.979855
0.570304	748.798214
0.630596	776.304198
0.594808	416.002271
0.519233	950.803161
0.551711	628.486012
0.657002	680.483676
0.246918	221.409795
0.550248	823.506575
0.384382	282.347966
0.540353	444.921927
0.528272	337.029444
0.301780	423.343401
0.339005	385.123290
0.533518	613.211608
0.281633	197.269971
0.374252	452.877644
0.607948	774.158507
0.407383	351.312621
0.480990	660.893438
0.641828	586.557857
0.351851	474.822967
0.437735	157.293676
0.527832	568.310018
0.581192	981.834547
0.629385	1136.156494
0.633764	566.380899
0.588437	576.610325
0.352576	137.785383
0.153475	296.112830
0.435003	488.119549
0.292521	299.220061
0.565611	348.280530
0.548036	884.938791
0.188837	216.699048
0.608390	534.008470
0.364794	325.410091
0.457040	367.336231
0.550496	614.005870
0.455796	740.511393
0.461024	678.893244
0.218840	226.420762
0.443190	634.641645
0.584437	601.598620
0.633670	515.178052
0.448673	861.585871
0.453202	380.663578
0.562878	505.991611
0.642338	1150.092619
0.375314	245.088275
0.460523	612.071016
0.594940	928.075627
0.529051	557.387071
0.266176	15.449740
0.535788	510.468925
0.325729	166.123137
0.490129	514.952239
0.497772	672.375597
0.621248	621.305744
0.470196	450.063878
0.382212	417.566187
0.354185	406.975822
0.620620	866.314959
0.314729	257.472960
0.454219	630.452035
0.326021	363.095618
0.587308	502.007511
0.475246	412.409521
0.419376	393.474216
0.424218	498.532510
0.613490	488.966899
0.507567	789.981195
0.568233	665.088016
0.627916	957.102231
0.629413	314.806224
0.408102	363.918717
0.645354	287.130924
0.153623	109.788987
0.431737	633.880765
0.627521	281.219365
0.379554	370.240754
0.378689	206.191890
0.394712	379.885165
0.530034	743.163388
0.459729	554.734516
0.571325	725.592195
0.627238	587.155763
0.552753	906.172193
0.337528	453.197038
0.639181	627.618701
0.373863	369.971337
0.299053	551.956903
0.246204	293.438739
0.511328	634.342457
0.269057	255.689140
0.290303	191.750956
0.393339	497.273201
0.383427	444.652295
0.526996	554.801338
0.601853	707.050867
0.583245	438.355745
0.372722	517.627692
0.362777	639.628961
0.649492	937.598301
0.103807	93.562756
0.622378	598.284450
0.334429	475.155446
0.643746	718.940812
0.415020	453.213637
0.460614	753.648829
0.564462	614.375818
0.520701	551.481447
0.402702	161.621265
0.507590	245.796968
0.572705	129.364467
0.186238	355.939328
0.115651	141.168863
0.468298	477.335402
0.284641	449.359623
0.549200	621.896135
0.343680	399.179878
0.457315	394.224228
0.333071	510.101053
0.505484	348.300430
0.271106	104.121475
0.149609	98.310559
0.199572	144.567668
0.645916	545.776760
0.293107	364.171372
0.564940	436.043514
0.221654	302.404523
0.263944	124.338135
0.489581	306.210581
0.471211	487.254019
0.645083	961.202149
0.642982	887.439883
0.589440	982.536135
0.526188	629.748574
0.466961	580.297536
0.421833	484.713465
0.643684	730.326734
0.526493	342.605929
0.517404	557.902423
0.354754	314.542012
0.193040	219.330273
0.643092	693.290835
0.400529	229.082595
0.461592	407.080768
0.269844	78.137512
0.608498	1042.954449
0.159542	60.944443
0.607536	495.139796
0.291513	476.453658
0.624572	651.863117
0.572381	381.145792
0.310141	272.750552
0.512275	352.047948
0.399969	263.504979
0.319844	98.551498
0.615753	606.450045
0.444141	615.939588
0.441859	496.898547
0.313923	371.600459
0.434671	306.797338
0.619772	566.826044
0.425197	615.644889
0.645091	382.710911
0.643442	890.599275
0.295168	295.930321
0.319198	477.611687
0.616884	551.356127
0.439190	375.661192
0.083246	156.709841
0.379129	516.213651
0.524494	428.010414
0.596041	1003.099770
0.285922	114.320986
0.266135	89.280957
0.635852	707.137562
0.579757	719.662539
0.521507	883.230701
0.585912	556.697894
0.455546	135.593240
0.582258	659.262025
0.429350	349.427061
0.362060	398.518408
0.572117	582.632484
0.451451	209.316408
0.654297	682.206554
0.418562	406.500673
0.635737	792.513037
0.639269	744.613686
0.360731	235.929226
0.595691	450.189482
0.457414	353.723569
0.634412	476.841163
0.464871	547.033378
0.577405	1101.558163
0.472105	575.093503
0.352251	406.394042
0.334180	320.024709
0.454025	407.486374
0.581246	871.114869
0.527310	905.959455
0.557916	574.351295
0.383796	298.838075
0.478220	624.532459
0.189499	93.855685
0.602113	774.170738
0.656910	908.678170
0.445672	274.210773
0.114788	308.239843
0.313855	672.100373
0.544907	859.586899
0.529947	565.877518
0.592220	473.319164
0.367786	406.729068
0.584023	568.093071
0.557686	412.527787
0.405204	379.574158
0.504301	604.650305
0.297025	115.099562
0.465927	442.927361
0.622852	218.986657
0.452132	607.450463
0.609364	703.315312
0.521688	260.513741
0.329205	613.872667
0.518186	168.067705
0.488397	544.070270
0.441904	593.508055
0.274260	406.411272
0.450120	148.992514
0.227400	410.754613
0.255021	468.376192
0.449764	495.123537
0.396166	406.207847
0.636939	326.424903
0.431203	470.734104
0.582054	563.842257
0.498231	653.951598
0.563393	537.952254
0.371371	466.563609
0.642067	400.694959
0.498168	301.478813
0.606661	421.013736
0.426119	173.261939
0.256422	282.764186
0.552578	736.162568
0.101661	141.480534
0.475634	534.434714
0.329827	418.408999
0.535655	479.270172
0.653695	623.192933
0.471012	394.370863
0.602102	756.074016
0.489135	338.970064
0.484221	119.049679
0.638472	708.776999
0.625660	975.364200
0.591526	668.391801
0.391330	538.450214
0.504111	614.361854
0.349847	374.023662
0.462172	578.401697
0.479383	672.969778
0.606765	482.718739
0.627594	583.489439
0.449179	325.854341
0.136029	135.062150
0.616592	880.065654
0.317058	270.069666
0.533612	486.142430
0.153834	287.494999
0.442301	462.514450
0.655704	697.859190
0.256888	409.700389
0.453250	467.413787
0.397095	495.823355
0.630476	384.630725
0.619038	455.875105
0.358252	325.431460
0.236899	247.256154
0.535567	899.649516
0.412060	756.441739
0.551993	804.749382
0.168452	137.584986
0.285931	556.308231
0.557111	677.961030
0.342611	313.305913
0.615236	787.484365
0.209841	55.629446
0.344585	200.487163
0.659560	884.859401
0.457414	557.797017
0.562998	509.356211
0.322925	347.885506
0.529116	812.232736
0.571107	657.707182
0.400914	385.869378
0.605863	388.260424
0.526685	441.258265
0.437501	822.613883
0.509085	495.720768
0.516513	527.434180
0.310772	350.597240
0.443780	666.288648
0.415576	472.216414
0.442942	577.095015
0.583164	563.444672
0.478682	157.301619
0.641571	971.023785
0.389949	673.332360
0.449668	759.988622
0.591915	944.122786
0.504513	691.169289
0.504910	614.990450
0.202700	332.499562
0.441884	499.977955
0.377377	201.645188
0.659797	638.260708
0.397726	750.026757
0.623910	569.564251
0.553484	797.300602
0.414329	206.384612
0.503527	449.875928
0.609681	556.865025
0.623548	325.933625
0.306991	155.152434
0.413660	300.952456
0.411486	596.677298
0.185771	52.619204
0.524725	450.617901
0.614337	168.288240
0.433971	538.697098
0.575934	663.188716
0.535776	622.280179
0.431176	389.746631
0.292132	186.678515
0.565237	720.926324
0.614254	815.834943
0.556927	357.024879
0.136503	146.486898
0.345059	242.536418
0.223525	123.195819
0.514049	643.532300
0.581582	617.219662
0.266169	167.659415
0.608962	559.012525
0.508248	873.353193
0.558392	781.510040
0.651225	930.324747
0.239598	262.180607
0.629248	729.237440
0.279836	260.362640
0.439281	221.685969
0.613238	586.523993
0.630846	708.807836
0.488557	411.321661
0.523155	739.506576
0.564823	378.449900
0.607132	564.167304
0.275898	145.334755
0.599639	581.366747
0.478153	174.943077
0.465087	370.293240
0.453342	429.563058
0.489718	491.916344
0.643049	694.277847
0.505374	410.601728
0.645580	685.515048
0.321280	338.717998
0.570421	490.635321
0.600359	810.723162
0.554522	591.169865
0.528008	469.480703
0.511884	837.503240
0.616319	851.099491
0.603473	1066.094569
0.276570	359.740407
0.612309	588.433509
0.448931	356.320674
0.367678	458.732555
0.619176	1067.312559
0.456950	540.647843
0.599073	867.878749
0.373245	315.480307
0.080208	90.592258
0.484064	754.097568
0.256438	363.530938
0.580863	1012.291953
0.380352	511.514998
0.462054	468.613026
0.243156	269.498058
0.386160	613.185027
0.590075	639.774715
0.300354	214.910659
0.542946	525.347804
0.634381	670.446658
0.554776	318.128923
0.599955	767.786732
0.264693	126.460599
0.365955	350.481191
0.627120	822.371246
0.567266	571.921057
0.540155	760.128089
0.548991	488.327458
0.448990	779.906456
0.189751	119.012900
0.591069	264.942391
0.554373	798.228780
0.474583	618.696565
0.628783	520.565319
0.411956	790.162791
0.390295	409.730084
0.620152	982.828074
0.595279	615.528807
0.492069	500.694551
0.283727	269.189368
0.344325	281.265912
0.546255	628.030469
0.435596	421.523885
0.608351	298.874406
0.644578	535.691824
0.598165	456.967707
0.432073	647.568790
0.592497	688.511911
0.419522	551.040712
0.311911	585.729050
0.170842	233.526369
0.435912	825.665033
0.629990	570.359237
0.359024	240.160986
0.338854	341.539986
0.650737	671.606652
0.153908	307.936388
0.591520	647.504418
0.404465	330.154491
0.178167	278.587204
0.634500	665.224724
0.290999	171.291872
0.506783	573.164569
0.379230	618.636257
0.218300	367.139054
0.197825	236.389833
0.270663	240.574312
0.225766	89.753592
0.582976	614.813326
0.479949	613.784680
0.415310	369.792240
0.450866	336.304404
0.638009	967.435352
0.632271	843.506413
0.567466	663.380535
0.623970	455.340823
0.403581	230.240681
0.433752	225.975325
0.530559	610.768112
0.534261	332.680614
0.478330	689.547655
0.442829	932.974789
0.655772	619.361824
0.603300	626.352984
0.458254	569.408137
0.571519	905.285841
0.376720	594.786288
0.256381	89.306463
0.420006	266.881044
0.443890	583.692317
0.132766	193.080251
0.601206	406.192261
0.423296	440.713309
0.517922	684.734465
0.228791	145.449413
0.317566	499.785911
0.625573	332.987927
0.528672	730.171668
0.644680	735.218095
0.659618	600.078371
0.429377	543.838361
0.392687	586.784248
0.615485	954.699607
0.659576	615.404482
0.536495	647.740680
0.594661	670.792070
0.590161	620.553778
0.421425	693.851553
0.515552	49.988548
0.607230	508.206732
0.557732	592.578631
0.144977	71.989320
0.412229	661.303396
0.294836	374.902578
0.355403	353.003279
0.630603	834.573126
0.177134	178.671195
0.347299	387.898364
0.398361	42.706695
0.531746	481.193635
0.499774	319.637808
0.346340	441.337600
0.309827	312.065130
0.357712	282.429814
0.486980	484.303964
0.377626	249.524977
0.643845	966.490826
0.470782	205.545291
0.210112	372.853177
0.572205	603.524522
0.408272	493.430137
0.545258	463.925553
0.382296	699.406641
0.514188	420.910639
0.586918	673.722586
0.637714	1175.630751
0.371949	571.183438
0.411302	431.611184
0.470954	911.780229
0.637452	776.943772
0.629300	490.211784
0.246113	219.445894
0.284719	230.200543
0.484084	447.660839
0.262510	369.698511
0.416640	461.810847
0.297887	90.017935
0.538861	788.349726
0.644434	569.008206
0.659003	1261.934621
0.430983	741.261592
0.525019	846.121726
0.614807	814.499643
0.272354	177.733731
0.558248	604.377496
0.446565	325.188183
0.338617	251.666965
0.443789	508.783389
0.231077	54.124076
0.560324	947.913120
0.367125	603.063497
0.399319	362.008877
0.275525	284.383910
0.617526	625.273033
0.483229	723.462524
0.514731	624.525494
0.513679	419.355066
0.447313	452.016344
0.329644	321.248041
0.577690	951.613251
0.280643	227.463231
0.259928	92.278389
0.565526	832.845939
0.340351	556.337630
0.396897	616.263191
0.475607	504.651580
0.464536	551.890334
0.564975	617.982059
0.534189	272.710017
0.541934	605.193355
0.566898	194.135341
0.389377	335.399590
0.404958	680.069609
0.459581	382.169704
0.397259	680.409428
0.655391	557.285163
0.600961	536.531646
0.310129	368.616089
0.090682	159.398355
0.186956	197.894858
0.362041	569.166665
0.269531	68.757341
0.499468	784.895690
0.615368	478.181559
0.574799	829.555807
0.344665	313.263466
0.442206	641.153678
0.489180	583.541142
0.599684	442.130019
0.609218	929.955222
0.631944	512.897546
0.489732	395.140878
0.559922	756.874608
0.267282	128.910896
0.512070	416.559111
0.364764	374.920407
0.456814	650.948222
0.538126	351.130949
0.369576	400.940183
0.201074	277.773162
0.112037	218.506503
0.147382	319.423540
0.104306	192.654246
0.265964	326.837217
0.359323	357.245938
0.348185	173.459945
0.655961	832.328880
0.396495	835.518779
0.280951	400.040266
0.504330	144.078200
0.615355	648.358985
0.554139	649.298907
0.391237	499.863569
0.510638	639.993473
0.567179	618.809681
0.571802	447.963161
0.549993	873.219798
0.619512	745.286016
0.619284	522.746860
0.517351	480.639452
0.455991	721.045468
0.540897	791.416509
0.602338	597.672191
0.091010	22.490716
0.657554	344.947581
0.323085	262.783774
0.473500	547.157152
0.619905	691.236061
0.350553	417.409318
0.476268	592.303403
0.285258	45.048944
0.440261	255.941350
0.319074	271.964425
0.425437	271.649130
0.430140	197.411980
0.657913	766.741190
0.658416	889.038756
0.269975	371.352260
0.571059	794.512963
0.200449	275.526262
0.164725	240.972391
0.261306	223.208516
0.649397	1199.376287
0.641742	482.901357
0.330581	235.733146
0.307937	240.271098
0.359948	687.729621
0.492299	928.116806
0.513785	690.234612
0.348417	407.946980
0.581631	622.190410
0.398353	740.342059
0.635865	761.716831
0.546435	887.372624
0.458858	395.097535
0.592908	523.127810
0.602240	857.539328
0.388229	238.936182
0.413731	709.245910
0.640206	668.468249
0.310192	553.293403
0.185942	157.084092
0.466571	578.071611
0.596689	616.049452
0.586754	669.121325
0.635045	660.116393
0.499414	888.311363
0.256280	333.357166
0.521091	411.247816
0.589030	886.009489
0.249627	193.347665
0.315906	271.294407
0.119510	49.154416
0.522984	794.429946
0.624626	543.606492
0.551481	447.756553
0.654501	1075.809653
0.215591	328.668503
0.629813	451.601836
0.600966	794.763547
0.400792	649.179737
0.651880	378.828569
0.386854	583.328053
0.625449	667.294879
0.622708	733.193980
0.581985	621.406712
0.511361	624.204403
0.274586	88.203181
0.498922	643.023558
0.422134	128.829881
0.593681	597.804767
0.582146	409.776678
0.632227	856.044528
0.127727	98.787561
0.599318	624.153278
0.640991	658.655805
0.592703	770.715365
0.283277	279.406788
0.236999	345.599009
0.144192	43.210307
0.536163	401.261720
0.536507	588.849937
0.655997	1029.979947
0.441628	205.843519
0.409819	151.929484
0.534559	388.895283
0.604780	694.081492
0.640463	612.527061
0.597328	811.222883
0.454577	203.391060
0.538445	393.239168
0.614817	535.563991
0.482052	561.357303
0.345345	457.674663
0.313806	162.686578
0.026760	81.945782
0.568362	514.301023
0.266642	354.207226
0.361909	376.349218
0.392194	282.733664
0.510155	722.346950
0.441589	623.122235
0.552924	518.728459
0.205875	252.888279
0.277991	201.786057
0.485614	609.877906
0.412358	349.912557
0.391093	578.806882
0.220561	146.420236
0.627496	207.837582
0.559050	490.124317
0.275991	175.328302
0.218118	231.278255
0.652295	503.877974
0.555254	726.793212
0.450456	347.504666
0.562562	688.505090
0.581532	637.139547
0.589559	1057.322592
0.476724	1183.804204
0.456002	696.005033
0.115026	198.850548
0.637257	606.807735
0.526644	669.285756
0.336673	641.515586
0.635068	264.466878
0.633593	688.778059
0.656693	533.645643
0.620557	673.662984
0.659324	669.596365
0.362409	430.792530
0.610241	669.685420
0.603929	996.783034
0.354170	401.688907
0.254697	410.818224
0.653695	581.427020
0.391206	376.089137
0.619538	638.460228
0.081585	76.348313
0.144635	145.752404
0.471638	538.231034
0.358861	408.222118
0.558347	644.182254
0.512177	453.790251
0.232799	191.473555
0.308642	356.976028
0.437001	263.142032
0.324948	257.203374
0.593683	292.221573
0.449833	217.559177
0.249732	166.887436
0.479438	126.602833
0.247099	178.226110
0.282226	348.353242
0.359395	127.524493
0.615865	629.328805
0.636646	946.152444
0.604994	789.513799
0.410911	340.934392
0.378334	641.077948
0.505749	441.081308
0.569625	301.554841
0.657975	1212.068649
0.284421	461.053149
0.196905	204.984697
0.559951	661.387958
0.606957	719.992573
0.611580	479.030211
0.554284	410.561391
0.645841	666.625921
0.490450	756.993957
0.633240	192.183710
0.650116	874.523889
0.611843	474.277754
0.398460	399.553154
0.332106	409.761549
0.505341	612.775720
0.466122	215.442077
0.621748	617.359275
0.256248	317.742028
0.370010	145.804959
0.579980	377.053463
0.251290	329.623243
0.404155	426.167096
0.436584	282.863106
0.533877	574.055698
0.305306	531.807574
0.616214	236.238350
0.463750	538.842774
0.634253	374.327150
0.472489	71.140196
0.379778	221.529320
0.292743	282.699415
0.078885	154.930898
0.498997	400.820885
0.263012	319.141882
0.438711	413.558784
0.521313	404.531293
0.380137	390.891052
0.317727	451.581684
0.587788	799.371134
0.643592	886.370268
0.256643	223.239197
0.303396	444.477899
0.647702	505.632540
0.178677	261.209033
0.653145	1016.672033
0.085001	6.828821
0.620433	622.568592
0.397187	471.206700
0.641031	776.462112
0.402190	255.115123
0.545556	951.618574
0.235631	277.877819
0.361015	216.288196
0.587435	215.153773
0.497605	653.657268
0.637701	373.082135
0.455500	284.702761
0.619190	695.154578
0.464364	536.032116
0.653642	795.958998
0.647647	618.744948
0.408420	542.780023
0.624367	1059.239939
0.611991	505.585126
0.341533	437.492764
0.534509	848.717939
0.227306	308.424243
0.608428	731.866142
0.317247	216.467785
0.225114	253.091327
0.442628	485.957564
0.516575	634.462558
0.614369	1194.391424
0.652101	331.137940
0.460237	205.884630
0.212273	73.580161
0.579060	759.818769
0.512025	323.758799
0.463902	538.719225
0.398204	326.886474
0.486926	482.387021
0.413215	302.038013
0.581764	851.998625
0.503669	566.384685
0.621455	970.096996
0.503531	563.959722
0.358590	190.122774
0.613125	445.742836
0.508919	968.420486
0.339066	447.767295
0.534218	237.135733
0.422580	566.934331
0.610946	603.353419
0.466245	405.639206
0.571223	385.446861
0.251837	415.297292
0.440698	196.285180
0.654870	559.103431
0.599104	525.685250
0.306654	176.515878
0.381286	389.133139
0.408763	74.233146
0.544119	468.031811
0.581759	905.691420
0.579201	509.350020
0.489989	445.066860
0.599888	696.366003
0.459177	495.764367
0.277940	427.834601
0.511740	363.579780
0.645308	903.388469
0.593942	765.050426
0.517261	647.049409
0.542817	295.422855
0.638516	254.802090
0.455319	511.312280
0.409560	622.186240
0.653025	719.288287
0.617133	478.086651
0.405321	188.049214
0.470746	643.819818
0.449386	566.159141
0.298437	177.205757
0.647022	272.449709
0.444502	414.351371
0.620967	702.231300
0.327504	426.637836
0.505242	690.850053
0.151571	193.922457
0.584223	369.294899
0.518112	639.434323
0.534992	966.965370
0.200414	381.656231
0.341762	535.438157
0.229215	170.561548
0.387382	519.663673
0.535678	761.308673
0.512418	620.520525
0.529973	432.015653
0.505787	836.056866
0.378659	396.184742
0.362304	199.292373
0.288918	128.345612
0.612467	713.723668
0.531595	526.372511
0.325568	146.894679
0.319126	435.985886
0.620229	847.879272
0.576863	723.373368
0.547407	407.418487
0.445665	544.656305
0.372432	45.529006
0.653705	587.291431
0.595363	584.460307
0.394266	564.990214
0.611976	587.857158
0.582420	163.935749
0.391770	334.142253
0.454524	481.022139
0.325187	588.957388
0.266601	488.381355
0.569942	417.142092
0.375568	242.915682
0.602949	434.626095
0.658659	988.005662
0.231824	19.013444
0.474680	291.582058
0.596974	643.530845
0.592585	474.859368
0.582784	357.944681
0.418322	372.249444
0.466484	375.385582
0.523484	550.343201
0.652008	1098.942546
0.407614	229.234823
0.636184	605.001829
0.376606	631.523395
0.656659	930.050564
0.551337	516.969444
0.470631	592.643738
0.530438	291.604943
0.378382	491.432021
0.379297	706.533098
0.268869	285.207843
0.269315	277.040995
0.417671	304.245031
0.583759	667.699425
0.528402	591.673560
0.258702	331.064077
0.613497	287.353669
0.525911	564.283307
0.647964	720.639506
0.551309	406.253700
0.317692	225.947316
0.474997	376.708102
0.543436	676.434065
0.160850	200.805261
0.127972	250.090138
0.282616	233.366658
0.366498	608.945331
0.455854	586.893556
0.480732	454.010965
0.289700	113.177192
0.552463	453.213762
0.523928	872.251578
0.390371	321.985908
0.124061	107.555337
0.232982	141.992423
0.438695	598.472404
0.302173	237.068023
0.431730	376.354260
0.535955	514.944369
0.504992	489.427094
0.354313	357.601243
0.415771	449.114250
0.530678	729.800685
0.616295	830.634345
0.580465	761.393156
0.507420	294.717701
0.424794	587.880212
0.426122	233.818492
0.622281	431.074396
0.181159	390.401894
0.656325	884.615989
0.549211	594.860515
0.555241	801.443077
0.179045	463.917098
0.527482	594.849875
0.479620	552.220932
0.261724	368.130239
0.381374	294.292269
0.625771	457.730459
0.506078	659.178867
0.448636	399.717207
0.227306	108.424348
0.566921	521.013601
0.562957	545.262351
0.530683	913.495514
0.490148	632.938812
0.457727	487.248703
0.522838	913.289950
0.355660	594.358154
0.641866	682.086309
0.521131	790.820763
0.399208	387.228703
0.464678	360.032992
0.598181	476.421276
0.307896	377.110231
0.389497	399.822786
0.554658	652.227676
0.401438	490.385436
0.593777	217.642321
0.283493	78.950290
0.583701	632.551091
0.222169	141.770230
0.120540	177.875245
0.628294	687.710788
0.518275	591.549826
0.419710	339.052900
0.355175	422.855127
0.531747	726.723392
0.489633	1049.300971
0.657432	884.717228
0.654862	710.737477
0.538486	396.361157
0.461715	556.043003
0.482272	794.930684
0.555721	424.559108
0.257735	190.831358
0.408023	258.526773
0.230293	319.890674
0.228095	217.145083
0.331856	124.017243
0.479818	707.265471
0.591181	638.723281
0.479920	409.099381
0.411613	360.197454
0.238166	182.410509
0.506199	504.913391
0.377677	330.074843
0.531017	566.893463
0.653008	835.736152
0.266840	358.907989
0.342455	279.786493
0.474705	522.338486
0.650364	888.904585
0.586802	327.337498
0.628295	356.161711
0.410729	445.031504
0.657567	758.106888
0.258939	159.077120
0.202186	290.558001
0.614591	712.140833
0.637480	954.256572
0.246839	150.245289
0.268754	371.929271
0.170434	56.138868
0.260527	293.930149
0.340726	379.142571
0.650816	626.944478
0.550470	773.972074
0.589083	127.532271
0.588268	636.339351
0.500162	370.614174
0.595446	747.245880
0.523803	216.457973
0.400950	580.251964
0.510441	742.828344
0.499537	691.091461
0.604069	434.012043
0.654405	771.705646
0.447562	85.564823
0.583941	818.340820
0.255988	341.245168
0.588502	638.438833
0.429166	547.355147
0.181405	62.740385
0.425253	447.663704
0.529407	457.401900
0.273928	566.365192
0.636464	885.694022
0.233009	325.307180
0.638341	982.964406
0.564468	505.427422
0.408711	677.431605
0.438257	365.644527
0.576201	714.473942
0.525950	663.516402
0.551834	167.408205
0.437520	395.752473
0.480887	134.138596
0.656902	1282.713513
0.343598	176.025544
0.450636	498.972904
0.388953	536.274644
0.584527	448.492055
0.584153	605.809983
0.389287	448.852685
0.237120	215.244527
0.116496	220.318824
0.454923	378.662398
0.447243	319.356620
0.656449	713.566247
0.473310	448.549749
0.369250	625.907970
0.626064	887.408588
0.482242	500.508780
0.525081	473.384997
0.251969	205.989086
0.434601	345.786398
0.642791	740.567346
0.521403	696.925138
0.416107	367.207494
0.535021	377.917155
0.632163	644.719579
0.379195	151.118847
0.488042	612.079156
0.647292	677.457891
0.315720	323.647607
0.568861	488.092666
0.530847	806.045361
0.554718	321.940082
0.419413	626.217846
0.400604	400.591186
0.556340	809.156305
0.344623	466.550342
0.451443	243.573303
0.326702	479.438635
0.104110	171.261637
0.650810	295.685405
0.456808	279.936728
0.650591	760.520502
0.291544	359.786971
0.520586	658.473580
0.335247	452.937678
0.592963	694.326923
0.590820	755.609753
0.268014	305.168198
0.632686	522.800514
0.331050	563.311955
0.530283	154.652575
0.655604	612.880890
0.623237	776.380959
0.646632	644.354929
0.415164	125.369926
0.261533	85.905778
0.326819	412.031558
0.486143	845.378123
0.594021	658.303391
0.299253	312.152460
0.547528	482.751205
0.405594	309.946526
0.414471	114.730964
0.548321	452.459494
0.472119	476.058943
0.600291	449.073996
0.303643	148.212060
0.592920	739.024225
0.217106	386.069649
0.330665	585.228013
0.546227	642.531137
0.614371	312.455824
0.367088	481.334656
0.407434	221.465075
0.500979	618.741327
0.342103	500.591540
0.600000	743.791823
0.587421	944.076570
0.295476	403.762307
0.470767	576.053957
0.587824	487.671571
0.412541	672.159229
0.537778	394.089757
0.198247	381.002962
0.528672	463.593021
0.301168	148.899898
0.606417	869.117258
0.421478	31.405281
0.383372	564.791801
0.609796	499.471618
0.198147	352.974806
0.440968	551.952405
0.428492	512.043522
0.385148	344.594583
0.632588	334.830973
0.579682	792.462232
0.216714	114.662476
0.567120	530.370088
0.497048	566.112127
0.629135	644.861368
0.400120	284.081275
0.515510	366.602863
0.486250	303.302172
0.481615	693.323121
0.467454	150.312711
0.338282	676.006767
0.581319	446.585608
0.465396	273.253141
0.647238	713.373943
0.371767	156.536864
0.555816	665.641892
0.641696	884.447470
0.548879	240.829439
0.619661	844.388503
0.605397	573.734774
0.423744	258.858727
0.525440	381.576727
0.303902	533.898814
0.500342	293.056552
0.353854	542.654213
0.577210	620.372625
0.497353	195.308514
0.447646	449.448341
0.376291	561.070618
0.659603	807.904673
0.226170	235.779668
0.188190	343.282482
0.345704	178.765369
0.651123	978.623117
0.653639	900.862363
0.545782	683.912413
0.622502	845.060425
0.343622	384.242470
0.651422	770.494418
0.293501	325.104093
0.257303	233.952131
0.267655	318.021363
0.515111	419.285753
0.589901	578.522027
0.426897	332.044138
0.653226	445.862139
0.458008	388.884492
0.299479	463.113003
0.471679	439.136747
0.554489	701.033464
0.606957	444.202769
0.468599	455.339943
0.522966	316.103036
0.375474	203.649848
0.542491	621.959092
0.655708	742.391300
0.196554	114.202248
0.624561	633.769578
0.510898	729.990164
0.366751	225.602303
0.646112	253.306762
0.479024	561.668491
0.409710	165.159604
0.322119	642.246330
0.362271	412.221250
0.607162	622.695452
0.530820	530.075844
0.633060	713.578849
0.354795	185.094464
0.275574	500.252964
0.093393	135.274860
0.489167	333.204665
0.659483	720.160404
0.560167	372.372371
0.397747	81.232115
0.621459	736.623585
0.590153	688.627946
0.129492	169.230748
0.601891	443.878434
0.393603	444.532784
0.298883	97.749939
0.351348	401.686560
0.472791	516.848503
0.453774	535.025319
0.387368	648.492471
0.315593	486.455846
0.583546	1028.071523
0.656976	1098.822397
0.588826	771.083676
0.391159	687.094503
0.362481	560.066353
0.345961	463.104844
0.288622	105.817285
0.506606	235.290555
0.527434	753.342071
0.563892	593.192899
0.554911	751.103395
0.389227	311.353107
0.409014	388.251010
0.555376	675.706757
0.418544	667.860306
0.342772	140.144702
0.430554	639.830645
0.378132	518.064085
0.244492	200.283247
0.606271	566.450613
0.613782	300.431824
0.347267	73.309639
0.217777	223.868478
0.575517	344.346128
0.342075	212.511138
0.439502	648.972833
0.216981	260.275434
0.351311	420.632500
0.593911	435.191277
0.597752	812.215469
0.339223	522.370774
0.411832	450.319877
0.286619	494.163107
0.229033	364.358065
0.657608	815.215771
0.546025	709.604831
0.502957	291.058385
0.584658	478.545312
0.609531	321.642010
0.598524	145.516028
0.132773	58.819073
0.325771	516.218020
0.545774	513.152334
0.431228	774.889925
0.654637	731.784733
0.549583	452.031303
0.646628	680.704390
0.335557	232.826551
0.617299	1087.806893
0.404456	585.768667
0.656809	284.367408
0.304974	567.576609
0.492621	638.066757
0.593892	333.470404
0.457223	549.674611
0.472580	551.516349
0.655826	529.996415
0.453970	603.874063
0.526933	293.350813
0.204367	212.967804
0.610228	175.580487
0.543315	920.753169
0.444368	593.193168
0.131709	63.438624
0.522228	461.498361
0.120760	58.364452
0.053376	114.819579
0.531453	253.713464
0.327274	487.868227
0.329213	580.092358
0.545179	648.508624
0.203199	128.378956
0.400358	346.696511
0.298696	316.998834
0.517828	581.041961
0.548266	661.963701
0.569374	617.813718
0.368565	334.478170
0.245464	435.821664
0.234138	93.927118
0.454345	456.630294
0.643297	821.674262
0.346001	117.364660
0.369436	470.549592
0.257076	406.597781
0.527498	633.920090
0.554789	158.903243
0.541396	397.664650
0.616384	553.008966
0.480308	370.467721
0.286799	563.110287
0.387648	461.690524
0.548506	468.300167
0.530338	851.025198
0.498534	644.326732
0.555895	464.503848
0.539359	494.054173
0.622893	488.886125
0.520069	894.844056
0.589100	624.898377
0.364773	592.719740
0.554183	501.730386
0.629557	881.748744
0.435920	181.141095
0.589269	1033.414283
0.570648	868.455257
0.211073	187.785517
0.518340	688.872292
0.283273	398.593702
0.649964	940.474522
0.600083	528.015734
0.265385	265.313200
0.276107	443.370650
0.523296	701.217092
0.416298	395.673289
0.173607	295.548986
0.502776	215.379629
0.436906	585.777941
0.257257	159.156579
0.596927	513.723079
0.633639	662.522348
0.581622	587.688355
0.603729	657.443086
0.345221	382.629389
0.373341	308.195321
0.340153	203.288116
0.584510	767.384152
0.643943	610.525818
0.567872	585.407498
0.622939	723.989796
0.539841	831.525294
0.436819	568.327791
0.454172	177.309042
0.230350	382.936891
0.167187	436.350807
0.560348	560.522945
0.459771	813.709372
0.506954	549.922791
0.509092	524.552161
0.381072	327.544586
0.475888	565.771884
0.473717	353.168478
0.437177	231.360951
0.603152	235.550270
0.465321	377.597911
0.526771	504.296217
0.627432	673.902887
0.618035	544.672894
0.625806	1114.544067
0.376969	292.617979
0.173746	168.568237
0.371915	194.026029
0.381807	294.800082
0.631830	308.381733
0.543708	590.980787
0.237461	338.510963
0.287551	192.393522
0.303461	276.329079
0.536784	158.518813
0.574337	794.410350
0.615902	791.975906
0.641671	353.312472
0.335726	321.154075
0.398467	706.959825
0.359821	343.254133
0.423087	449.193351
0.633509	604.474684
0.515877	577.227474
0.575297	1004.951838
0.481848	1050.437727
0.162060	267.420881
0.217056	218.704600
0.501298	523.167235
0.568555	513.284217
0.344489	696.987428
0.569644	700.074384
0.599837	607.163601
0.447950	89.001416
0.578133	617.376089
0.444373	853.178091
0.554243	594.727111
0.584147	443.155956
0.657533	277.161392
0.416549	359.224053
0.447562	720.941989
0.310834	724.291100
0.337272	600.171585
0.559610	714.021002
0.634261	683.837355
0.440043	491.204284
0.320970	353.063767
0.385311	497.071350
0.467001	450.257739
0.388320	473.419191
0.355771	190.564418
0.574534	464.657691
0.102053	198.903747
0.501818	760.721029
0.594201	643.528721
0.374844	101.852375
0.526638	817.339414
0.550845	671.724346
0.545817	540.725096
0.463015	544.951550
0.417132	481.521469
0.608171	644.169294
0.582254	846.720936
0.404406	246.628185
0.259117	114.537547
0.226283	17.834695
0.250579	196.987282
0.518863	418.894353
0.200331	119.454221
0.412339	60.896083
0.580460	482.039745
0.390309	332.854006
0.583913	240.821589
0.577805	668.879229
0.363082	413.630894
0.572051	345.868654
0.578600	666.062295
0.441357	984.611481
0.341367	607.534141
0.494618	49.175309
0.635633	829.622086
0.540178	511.994068
0.316095	110.971697
0.555821	472.196635
0.454813	379.156656
0.522175	545.170472
0.573869	682.748247
0.492056	649.416842
0.600938	477.516619
0.569730	508.937743
0.531069	450.855054
0.299744	256.247124
0.608179	1325.838024
0.640191	827.754064
0.288841	580.744746
0.481066	596.776974
0.370669	335.153661
0.580913	543.703034
0.569547	586.221014
0.291993	268.735754
0.621513	833.706487
0.321755	326.817667
0.595370	510.106518
0.467831	619.702519
0.407982	610.140059
0.305386	292.767410
0.312283	407.207671
0.548311	272.333720
0.506252	541.506264
0.276395	69.932355
0.268096	56.854323
0.226873	296.216822
0.577220	505.352072
0.566136	731.589934
0.209629	400.769992
0.510113	346.829691
0.240663	326.887209
0.630050	682.009504
0.631120	407.871852
0.561325	678.889079
0.637142	726.829072
0.600098	641.551043
0.605745	936.097286
0.513786	551.385377
0.396522	816.624392
0.346045	358.470666
0.407438	216.148916
0.536071	579.789187
0.315905	196.051123
0.370526	417.796018
0.472570	577.987169
0.355451	367.828406
0.521074	296.129071
0.636194	644.805936
0.578707	316.636883
0.549952	655.260763
0.518806	684.443305
0.480943	819.288737
0.325604	202.767257
0.627174	676.528772
0.364672	400.217083
0.247579	443.760476
0.579368	672.662021
0.318004	165.042750
0.429394	419.263397
0.160892	264.902171
0.288925	381.755561
0.316295	498.565955
0.204188	125.624053
0.546411	893.692742
0.608526	310.625778
0.430069	855.400256
0.620725	865.876525
0.343232	415.947076
0.406518	536.324790
0.299701	109.241457
0.533119	235.558620
0.451540	245.626540
0.530398	297.147627
0.583356	642.722785
0.504386	379.362983
0.535750	800.366713
0.639986	633.412690
0.392826	513.607217
0.423282	522.353083
0.568175	536.125413
0.529656	423.948403
0.320054	263.887477
0.431412	645.932004
0.472475	525.013614
0.451324	342.160503
0.319873	466.855180
0.636588	325.974512
0.583576	723.010200
0.478186	468.980593
0.554856	693.740448
0.627994	972.104854
0.288199	402.108651
0.365746	360.338808
0.503197	328.178163
0.595955	793.455144
0.176015	175.272272
0.655108	389.083849
0.466938	599.726862
0.423315	339.890132
0.389437	138.108927
0.317114	520.222231
0.593466	611.215523
0.646275	554.539284
0.448739	561.342401
0.645345	944.535876
0.604183	38.167437
0.478058	578.010426
0.552691	719.860872
0.458256	324.975014
0.509508	517.598214
0.209119	72.726934
0.560627	725.402643
0.201978	337.238564
0.601965	382.678460
0.604562	806.045191
0.357880	503.433659
0.405637	348.182563
0.478167	591.723932
0.524128	8.741474
0.386536	657.716260
0.522539	564.785829
0.392147	454.604473
0.205673	265.126797
0.068864	94.056297
0.257328	414.344236
0.593693	687.631155
0.648142	949.667429
0.454707	502.146807
0.491135	330.881440
0.296693	506.065227
0.506488	608.351496
0.294977	391.978922
0.529622	964.589985
0.639361	378.713294
0.331762	317.177899
0.584340	478.648810
0.150523	196.161992
0.431104	590.559627
0.266324	530.972747
0.420028	454.620975
0.316531	477.188707
0.430064	698.942251
0.450486	548.784253
0.393637	298.879241
0.546398	629.976395
0.634831	1049.702383
0.442801	860.848004
0.329519	397.415580
0.377371	594.250877
0.614071	460.618049
0.514535	398.772011
0.466983	796.879580
0.298855	151.702711
0.464699	324.317872
0.381688	365.033878
0.642460	710.136310
0.623773	700.872727
0.239836	180.987546
0.492749	772.986589
0.350564	598.942306
0.447442	417.058994
0.621455	607.617675
0.497134	645.809148
0.410981	511.274792
0.339741	300.375055
0.596394	587.407822
0.534593	476.242147
0.472572	351.995353
0.345847	344.051317
0.410996	504.288742
0.647650	810.348449
0.494141	668.391253
0.442849	411.688794
0.494679	642.200792
0.589230	130.530173
0.413927	417.020632
0.320175	459.683861
0.519655	602.049855
0.549510	567.878427
0.566429	658.414641
0.623106	958.316671
0.429051	466.251083
0.230388	366.205722
0.647186	1100.306855
0.458268	575.501781
0.534124	594.872964
0.549909	233.766274
0.504706	465.650218
0.338041	382.413218
0.581125	771.704445
0.597537	620.961725
0.507253	850.465454
0.481199	381.446641
0.269214	373.310679
0.239889	228.858452
0.413656	418.977357
0.399027	574.244176
0.645729	552.401757
0.590793	348.670550
0.547598	575.416888
0.493152	523.320945
0.312105	524.554517
0.653399	1076.217139
0.430888	183.193683
0.262796	311.039336
0.483376	595.409165
0.620539	1088.246099
0.624805	989.465977
0.114796	176.567961
0.624486	657.034808
0.377797	240.072033
0.180702	163.524404
0.612050	688.557776
0.617270	763.953656
0.523964	609.115569
0.515615	653.859827
0.600652	591.728451
0.591698	758.509521
0.625704	426.801045
0.507164	347.195546
0.650065	501.172398
0.658823	940.777484
0.271542	113.339136
0.612621	860.094638
0.485866	368.913878
0.436776	432.559544
0.530319	816.775433
0.206320	263.423055
0.488593	377.962212
0.619538	552.596475
0.343305	583.890680
0.454451	450.304856
0.641310	712.588459
0.455417	453.477736
0.422896	401.756606
0.460695	366.541048
0.493883	602.006433
0.537365	662.592545
0.596517	498.959433
0.465727	639.539803
0.602096	833.810282
0.499621	782.998508
0.413116	260.380513
0.546882	481.388177
0.568182	798.841236
0.509244	376.299921
0.207200	10.168009
0.313920	490.202033
0.385419	322.380258
0.383960	356.893576
0.552473	549.868562
0.137772	256.838659
0.581310	512.543696
0.374343	585.796544
0.398597	453.078104
0.497293	549.027721
0.344865	283.331543
0.623902	509.957981
0.241399	304.879790
0.462375	449.926797
0.612581	921.464156
0.531357	546.035244
0.389225	402.289884
0.451939	430.978065
0.564312	759.550241
0.651798	637.415696
0.626673	529.510510
0.415082	613.377826
0.659450	730.634464
0.077094	114.703588
0.159538	197.278606
0.604197	752.487075
0.334254	268.168722
0.212691	39.857891
0.357922	524.646816
0.454322	268.567427
0.572656	722.079070
0.534525	289.251612
0.358206	316.175731
0.487284	217.904894
0.637150	688.134863
0.601277	712.686240
0.405396	265.808092
0.654570	607.259421
0.564990	881.982450
0.214849	214.714839
0.174067	288.652449
0.312857	542.308301
0.571715	976.467763
0.323667	526.701902
0.490647	417.810530
0.249558	496.196711
0.635472	851.162224
0.415839	596.025418
0.631441	207.438783
0.642995	1019.640396
0.093613	174.747925
0.470898	624.949636
0.153135	49.209253
0.631619	514.719603
0.493460	844.201659
0.229919	243.741703
0.265892	249.807051
0.434879	633.494171
0.641545	382.788333
0.559438	544.377949
0.618482	577.342558
0.426796	396.910640
0.187640	157.136592
0.652124	524.568627
0.134560	64.231175
0.643860	748.654381
0.427859	691.813698
0.111480	124.440883
0.558104	486.009533
0.654040	498.838186
0.649440	931.484306
0.307393	598.594624
0.321946	273.702586
0.512167	448.663825
0.539327	606.292066
0.575721	751.692458
0.321808	307.459538
0.647390	760.470796
0.539855	669.739829
0.611807	990.254281
0.502150	339.236019
0.449025	973.073462
0.653007	631.941150
0.518576	647.558388
0.618241	713.259073
0.645616	663.859603
0.553168	707.701750
0.505664	478.993642
0.077140	36.784361
0.182456	190.778667
0.335167	366.457108
0.325225	209.951249
0.368292	622.988833
0.395931	277.214916
0.423718	400.652934
0.451839	280.050068
0.255116	276.399416
0.186281	160.301873
0.552662	570.198619
0.501064	371.703196
0.462271	215.097432
0.538270	712.252391
0.605462	716.920054
0.455031	387.963583
0.540731	242.282282
0.645703	913.600024
0.609383	475.332667
0.454278	734.660085
0.542052	572.442876
0.319029	298.970587
0.510211	642.948643
0.654282	936.806349
0.493422	461.992200
0.637597	612.312639
0.445880	433.817511
0.659647	993.756844
0.517460	627.062745
0.186132	122.608792
0.520352	383.851667
0.379518	307.176431
0.169137	122.519489
0.603211	478.023372
0.380161	455.469431
0.595132	378.591378
0.387005	370.158137
0.330847	396.364230
0.652006	584.375691
0.424482	177.025280
0.525914	274.945783
0.529159	340.152943
0.510192	711.884500
0.633518	737.206163
0.552840	319.333010
0.444237	412.083384
0.616789	533.486658
0.321817	371.779315
0.503805	525.361687
0.644763	662.574937
0.534920	458.339676
0.601927	399.617451
0.545284	728.932563
0.609300	870.849006
0.642874	1017.570033
0.378599	145.269862
0.313761	430.370195
0.479290	613.873761
0.562608	922.467100
0.351877	259.275356
0.081408	171.710997
0.415331	152.889174
0.650440	756.978072
0.560168	504.802283
0.443136	585.318180
0.329675	517.917178
0.421790	378.693248
0.313889	331.625996
0.262218	117.232913
0.631001	607.575141
0.659283	624.324851
0.309734	187.170374
0.204343	364.506612
0.408721	265.995326
0.469839	542.210058
0.337758	538.114655
0.394079	630.946787
0.335180	486.180553
0.587632	423.813908
0.566380	773.458745
0.538459	435.699928
0.436613	712.690851
0.631729	777.207130
0.650648	843.618786
0.316604	130.507100
0.349298	387.726411
0.496377	711.156819
0.247520	397.506662
0.458901	141.515241
0.518449	857.333952
0.494943	203.650873
0.409315	476.582483
0.503095	635.160741
0.647326	419.712503
0.338533	112.979761
0.545747	720.921141
0.187931	177.946439
0.219812	99.682691
0.506802	699.602277
0.260935	412.065284
0.147827	189.915086
0.315089	173.160081
0.511898	130.762098
0.563130	721.079137
0.336232	378.863466
0.550614	642.576191
0.322796	476.946020
0.530463	517.168677
0.447978	252.611094
0.545371	868.943182
0.658489	706.295777
0.640789	728.938070
0.082632	223.553231
0.624212	954.612961
0.219903	252.202394
0.645539	553.629297
0.383521	860.318650
0.434187	523.523182
0.247915	220.487182
0.267711	317.230581
0.571327	557.438114
0.642825	920.518868
0.529447	545.863306
0.567527	766.624621
0.583457	808.891619
0.372910	543.784556
0.190795	273.814145
0.062113	146.938532
0.419134	376.142913
0.360500	186.240236
0.214681	349.295788
0.320749	326.734061
0.278469	134.115751
0.633576	418.550566
0.291499	170.173646
0.501189	657.978148
0.522775	653.705926
0.503509	378.020392
0.255301	407.169416
0.403145	313.605032
0.199771	315.991945
0.440535	463.229166
0.326991	435.013890
0.510644	477.696836
0.559402	497.295794
0.498981	715.521442
0.457927	154.333984
0.436667	790.230409
0.610059	708.425605
0.347028	391.429562
0.573923	662.029250
0.581925	415.904347
0.451239	470.924949
0.391887	779.032718
0.473624	353.211379
0.249512	338.662104
0.191871	191.403142
0.267103	346.568464
0.326002	206.771621
0.487657	504.662810
0.612488	1060.532199
0.357017	230.048016
0.639958	735.405009
0.646118	706.464944
0.647359	739.154409
0.608708	700.394441
0.425532	458.720423
0.227308	44.818156
0.513441	769.148361
0.509491	726.682303
0.612762	458.153472
0.658776	634.463013
0.489287	655.006430
0.416454	786.559937
0.325152	622.034991
0.085978	214.436531
0.489678	319.938480
0.508252	806.667246
0.604559	864.058395
0.487821	441.206038
0.634079	602.251382
0.535918	602.615241
0.609616	709.759217
0.297823	208.157824
0.614505	227.024588
0.553093	375.293752
0.314172	297.348670
0.327780	248.320249
0.637240	828.248276
0.168634	62.585258
0.470214	740.824958
0.400394	631.430872
0.549465	834.391239
0.609384	770.653726
0.423870	232.985830
0.454679	452.006046
0.654463	449.394244
0.590892	1060.999331
0.627969	578.697753
0.459917	530.741641
0.356072	492.002976
0.447934	716.550398
0.567611	729.422855
0.265116	342.338027
0.377229	390.188258
0.192946	243.305216
0.457093	324.964351
0.605385	865.056837
0.153152	179.520579
0.553157	227.940493
0.639122	968.443447
0.357790	362.698580
0.559695	800.469820
0.652366	906.015371
0.648404	865.324507
0.356587	133.211175
0.256537	179.162890
0.297808	476.421289
0.562669	841.111760
0.570986	597.423466
0.552767	557.839753
0.411915	270.365537
0.313844	661.403296
0.518053	389.845369
0.479161	335.935719
0.572055	685.762024
0.461055	355.577038
0.413195	688.074988
0.389842	50.396835
0.342038	28.216399
0.374572	392.332717
0.251134	282.476995
0.417270	270.528005
0.176568	190.655200
0.325502	312.326840
0.578254	867.570138
0.406558	55.279815
0.550606	952.718374
0.567889	651.434744
0.518216	349.010242
0.647294	332.166108
0.145650	167.638687
0.575456	458.621176
0.647322	568.859816
0.616753	517.166340
0.312485	377.015880
0.407245	524.523533
0.315759	168.477171
0.525888	579.463902
0.566243	761.385393
0.402256	232.873100
0.501928	754.828978
0.558731	620.189738
0.452198	767.180432
0.614076	419.591910
0.586713	1117.301870
0.217643	276.961280
0.533330	586.563644
0.356826	380.773212
0.509036	160.571563
0.646733	1035.308272
0.622167	729.772426
0.444595	241.756814
0.388786	84.809243
0.356271	110.180716
0.499139	565.867048
0.269493	355.215796
0.505796	519.106311
0.055284	47.454406
0.405733	441.054594
0.347382	376.558186
0.651168	256.037903
0.571502	510.116954
0.418645	186.936149
0.249140	435.051836
0.492808	633.921315
0.343296	781.307462
0.500703	419.122112
0.607987	863.762616
0.531338	593.274520
0.538030	533.911943
0.502534	377.779925
0.637480	813.491171
0.638936	933.931994
0.491151	376.303217
0.396365	275.386426
0.468951	576.805537
0.325600	640.202886
0.538973	690.243171
0.485977	407.218994
0.259384	256.974864
0.333056	308.231128
0.477462	685.981544
0.624900	813.521867
0.512498	583.348343
0.555384	457.675914
0.413389	690.111750
0.514446	609.095042
0.463680	833.599510
0.547310	601.186984
0.198772	315.036571
0.483169	661.546859
0.391189	367.084866
0.406923	729.991681
0.647983	274.246887
0.322947	472.057045
0.399235	720.754380
0.489997	424.768921
0.616998	731.977606
0.450103	501.496069
0.577254	735.706024
0.614842	869.083994
0.398594	466.272896
0.439185	624.653300
0.422017	347.491531
0.607164	479.023841
0.189424	188.499285
0.397761	493.855963
0.554622	406.559830
0.512130	613.861349
0.458831	420.215650
0.502104	781.238907
0.333014	91.928562
0.456371	572.683807
0.486640	603.391362
0.629237	975.721535
0.371782	485.860166
0.618550	821.691182
0.541877	808.434955
0.142936	196.674570
0.570593	490.436883
0.174767	311.035373
0.659200	872.675445
0.620100	611.606477
0.391910	544.326032
0.369821	567.823553
0.433909	829.252740
0.421828	730.610327
0.429604	369.433208
0.402876	377.766991
0.533333	322.591503
0.309843	252.982821
0.611460	876.533416
0.600413	548.985487
0.476137	545.895715
0.613658	754.036574
0.363857	517.120672
0.135647	96.006004
0.532615	463.695557
0.468231	459.699780
0.512799	469.028638
0.628649	1106.852653
0.650769	879.365738
0.538275	571.536429
0.584167	844.507766
0.239735	195.977308
0.307229	451.687533
0.573571	437.919743
0.456658	622.147921
0.463065	474.947871
0.397859	206.622326
0.528171	436.849391
0.324647	312.158966
0.535484	680.871721
0.316718	126.892941
0.216591	297.480644
0.409037	557.324242
0.354291	422.467362
0.625348	807.896109
0.204937	107.075347
0.318707	356.555780
0.505577	828.938239
0.478065	553.681162
0.191752	254.876851
0.099284	165.765371
0.656351	591.858374
0.547203	671.170268
0.426292	676.017003
0.473577	86.347647
0.375026	588.336597
0.416291	291.824631
0.543636	559.939411
0.623370	870.332196
0.323937	470.435602
0.609624	891.330789
0.275937	513.097048
0.344275	344.708886
0.177625	233.969757
0.291934	256.378076
0.634342	603.790205
0.468887	451.525013
0.233002	329.829356
0.647614	687.056822
0.622144	833.192653
0.580968	729.403588
0.639429	248.436374
0.347504	406.335748
0.608317	594.415185
0.558400	567.436488
0.619173	829.212952
0.595253	662.654137
0.417091	633.362440
0.587679	715.727741
0.372706	406.394986
0.408144	570.772121
0.263707	70.801307
0.639931	458.660997
0.388511	177.263919
0.494356	483.457012
0.438527	317.412906
0.647676	1135.422116
0.411399	443.182965
0.589081	700.557442
0.614531	517.703798
0.458530	388.934429
0.432369	369.464478
0.578589	761.535402
0.632950	642.061209
0.581053	613.201101
0.351837	396.369308
0.625130	811.171644
0.436783	218.509475
0.516308	684.593917
0.606697	660.368120
0.326852	406.063222
0.591092	529.322454
0.523938	497.666912
0.626738	494.386349
0.315416	661.306617
0.451904	475.484829
0.607160	1197.339048
0.140102	170.434998
0.267646	178.965259
0.657116	688.924090
0.382736	147.956391
0.652502	948.443257
0.322834	470.370170
0.424216	549.892017
0.580347	667.101133
0.546819	611.932854
0.518192	1051.840974
0.498092	400.710688
0.610630	885.430251
0.356598	407.180786
0.461541	833.224457
0.303292	449.606281
0.523854	1113.863951
0.365846	414.337515
0.410793	289.921343
0.473925	502.046085
0.157733	263.799077
0.248220	355.903271
0.556953	23.418052
0.455597	475.332748
0.617568	496.931896
0.560063	810.817382
0.103206	47.152909
0.531682	632.470201
0.250027	178.813222
0.589887	542.803362
0.657404	1056.534446
0.498612	395.630529
0.555829	324.490598
0.358022	133.084946
0.459406	476.229872
0.614751	706.964771
0.312145	287.012979
0.374453	469.621573
0.462833	205.377659
0.566264	793.266973
0.431287	598.263833
0.637627	1120.334971
0.250761	490.140328
0.428874	377.014800
0.565107	528.931046
0.351137	509.403699
0.546323	345.137366
0.309809	243.818049
0.206340	107.829577
0.275468	272.974816
0.638334	688.074189
0.506772	373.172387
0.595064	232.674119
0.410196	517.130867
0.522605	156.622239
0.483854	867.163951
0.643264	508.609855
0.578530	684.216472
0.572648	562.432686
0.192516	52.621902
0.505952	530.880038
0.472115	501.406191
0.637661	881.351524
0.369781	482.589471
0.376873	181.541317
0.447700	319.603342
0.361631	317.956733
0.282433	140.612876
0.615180	625.392810
0.509333	953.339244
0.616459	642.318509
0.606599	775.121692
0.383640	478.234984
0.505190	719.287100
0.239100	161.173307
0.633694	811.828141
0.444479	675.380210
0.439613	297.225061
0.394782	343.804183
0.469412	830.895679
0.366553	510.210888
0.430799	346.667262
0.596268	656.996503
0.607623	588.303280
0.395535	396.388165
0.472976	418.364776
0.620481	534.904889
0.201764	261.959072
0.625397	818.801757
0.346913	539.684961
0.554311	373.533120
0.518741	748.397766
0.507240	401.658638
0.615810	618.109648
0.257733	454.919528
0.417354	415.960135
0.501429	358.374603
0.600044	447.769594
0.345191	363.627213
0.597263	813.826808
0.442362	959.740791
0.327204	462.130922
0.582439	841.200983
0.247161	341.108408
0.491983	751.773347
0.216654	72.715680
0.421950	686.889169
0.525800	579.921509
0.508486	789.831013
0.444658	210.626268
0.455632	601.453108
0.351618	462.920522
0.467358	999.112441
0.645604	821.474221
0.612917	575.859438
0.295430	354.412460
0.163912	157.676408
0.639445	505.277729
0.496827	397.698769
0.501264	381.279743
0.589814	637.220176
0.401024	638.084414
0.478418	745.742943
0.650379	336.748539
0.552016	302.464814
0.301999	230.998137
0.285789	199.839861
0.337396	155.592075
0.585071	544.634042
0.390860	439.361400
0.145526	192.929985
0.642776	701.542499
0.313798	266.695285
0.109376	169.252174
0.357912	516.134129
0.356647	319.224149
0.452496	234.269900
0.635316	548.689574
0.622206	419.725957
0.467794	485.611371
0.447498	287.152392
0.508052	522.846832
0.361681	248.120789
0.201074	284.207695
0.641229	303.127854
0.325697	357.403493
0.333553	193.701132
0.474437	14.674056
0.482469	699.556981
0.138002	193.783767
0.297553	172.042136
0.432361	516.222544
0.556169	657.464476
0.352630	358.764746
0.452947	430.975700
0.508968	759.721538
0.625221	508.220708
0.406864	370.074835
0.286062	227.991926
0.481495	632.027244
0.578237	904.489156
0.265510	421.375243
0.453691	620.808660
0.136249	374.562332
0.171149	242.493580
0.478856	611.268085
0.392365	823.543830
0.611175	145.132014
0.526208	606.353579
0.466518	595.544507
0.446153	701.970110
0.484802	750.851561
0.183151	335.922932
0.626563	991.842629
0.659482	700.802770
0.322111	52.793004
0.274918	39.093791
0.294128	327.010072
0.547998	547.880584
0.548148	537.289377
0.612093	578.616550
0.579990	876.052694
0.464683	427.993056
0.530238	747.077384
0.557793	831.918922
0.491156	505.628866
0.475786	476.396651
0.542191	713.788270
0.509019	631.082582
0.541768	500.348177
0.530237	300.502234
0.568697	485.247068
0.541350	340.159726
0.494001	411.190497
0.555477	452.682899
0.464592	552.762973
0.360623	653.119385
0.056460	106.145746
0.509993	817.885330
0.521842	702.271885
0.651424	798.987055
0.424401	409.394225
0.439825	376.666362
0.335788	506.373189
0.224781	408.994783
0.587139	586.724110
0.365342	44.733016
0.528754	719.138179
0.557611	488.416183
0.473919	89.161859
0.621296	828.076490
0.462119	493.156847
0.385207	486.004541
0.627590	947.896271
0.616524	669.457889
0.309679	358.268163
0.156001	119.330721
0.246223	213.402279
0.386099	535.777064
0.651490	661.764683
0.509427	367.199005
0.430044	208.968008
0.625260	637.324823
0.466174	473.390137
0.401308	490.006625
0.641853	656.567894
0.612612	428.595872
0.610705	632.894301
0.490972	830.684617
0.592749	411.527010
0.320627	417.236446
0.515147	573.779050
0.655055	814.958074
0.388486	224.208379
0.594397	927.136242
0.481997	574.203924
0.182100	314.941129
0.583814	472.952843
0.312974	414.174846
0.537174	714.870526
0.241712	220.587144
0.643616	622.301861
0.388899	471.027885
0.351431	154.236530
0.282393	397.860474
0.643346	312.867505
0.566143	414.198664
0.576494	675.908873
0.485693	271.715143
0.475396	852.144184
0.265658	453.574559
0.509945	583.639075
0.363723	564.238671
0.652995	940.329970
0.595143	481.243956
0.448444	642.638911
0.300165	209.538476
0.591369	590.044116
0.276367	306.563550
0.327489	433.190364
0.342070	74.299071
0.508790	445.097350
0.591949	664.648378
0.400830	366.910743
0.240656	372.205924
0.471070	557.649519
0.578714	474.243975
0.348460	236.590771
0.347376	412.063859
0.643728	642.578591
0.645884	479.911706
0.657085	592.565272
0.598838	513.071111
0.326709	164.211786
0.342364	369.559415
0.413985	560.801527
0.402802	446.209476
0.646621	868.350264
0.592627	401.279443
0.570376	553.604365
0.325194	377.550322
0.631883	744.465416
0.605525	726.965936
0.309387	420.150822
0.619628	721.685333
0.378224	217.990110
0.236550	324.349230
0.546471	688.070436
0.545373	1049.627681
0.251235	333.888481
0.403172	500.712920
0.657804	693.908492
0.554271	807.694299
0.572486	1147.825377
0.342960	478.323421
0.234247	283.523282
0.380810	167.323246
0.364885	466.486967
0.356354	476.676530
0.329795	457.034964
0.515740	309.664163
0.407897	496.295223
0.603043	527.262400
0.323811	449.161877
0.471107	352.131271
0.124054	198.584133
0.478323	393.380639
0.206147	16.011677
0.653173	750.529411
0.593136	366.575496
0.481844	594.888464
0.242687	440.478965
0.522524	928.742139
0.582363	479.683520
0.328424	492.795756
0.513204	493.166218
0.601013	885.151640
0.585593	762.291264
0.597284	335.868917
0.622251	594.947392
0.640747	575.123348
0.445054	608.687891
0.513422	493.361524
0.593159	715.417478
0.560938	630.672431
0.658632	1106.383693
0.124117	296.053935
0.421324	395.590992
0.383084	490.778513
0.372626	538.954424
0.348999	557.110572
0.565167	292.026962
0.240751	185.329885
0.576476	517.835838
0.559621	556.080705
0.365998	225.220113
0.367178	426.977795
0.536206	647.045194
0.583525	617.386916
0.621339	748.172259
0.613466	333.668274
0.649211	938.816943
0.518293	839.394422
0.631607	718.921270
0.599122	875.590345
0.627161	449.502389
0.117190	230.416555
0.649526	436.557244
0.474890	460.150480
0.595679	534.550571
0.280768	333.894468
0.440660	384.785031
0.377784	452.589143
0.388864	366.330355
0.277403	444.652482
0.598207	704.714857
0.108093	86.875210
0.399891	355.139591
0.317152	494.821879
0.521225	489.083185
0.368000	420.623620
0.370732	458.365510
0.481106	425.674228
0.544967	479.138067
0.275719	369.121340
0.317931	210.326856
0.363874	278.003432
0.651949	467.642098
0.441218	368.147610
0.525010	455.771516
0.360547	665.552347
0.481989	560.908366
0.228972	434.842061
0.173312	32.910878
0.472856	269.215517
0.441912	612.088622
0.288772	358.064842
0.557549	425.926701
0.657832	663.145100
0.440524	486.523482
0.534608	839.904611
0.648620	348.047608
0.606730	675.310532
0.470648	617.543793
0.575054	998.204247
0.281553	415.215951
0.490899	402.172463
0.382002	494.707481
0.307561	420.663377
0.454403	573.326260
0.283960	423.926094
0.561591	833.550319
0.467512	263.690014
0.498591	274.412931
0.296324	435.987266
0.291102	210.819056
0.519073	248.221115
0.655413	646.278131
0.252546	380.892339
0.385655	205.379459
0.619076	732.392236
0.226828	26.050360
0.621146	403.849560
0.495835	501.164215
0.446303	212.536902
0.398419	582.647325
0.391789	619.358171
0.396388	518.723122
0.624008	513.241590
0.570302	597.648397
0.551142	388.081228
0.595868	499.206497
0.369650	403.558370
0.532180	672.181794
0.469156	253.495418
0.590395	514.937174
0.398198	656.438236
0.541487	524.294743
0.623178	993.772377
0.443513	889.720566
0.220064	244.341994
0.492504	408.897932
0.416833	565.192357
0.552043	397.552136
0.644913	548.792024
0.479967	649.765826
0.471774	458.360848
0.545657	397.356369
0.259571	316.551684
0.367567	476.989133
0.634871	421.718113
0.551221	470.970909
0.123362	91.499450
0.337631	309.062638
0.555849	735.521528
0.584284	714.175168
0.609460	734.608556
0.389143	41.300661
0.638662	462.531436
0.507242	380.853730
0.560725	459.261282
0.524156	356.891635
0.276960	269.786439
0.648663	379.830891
0.277077	379.916474
0.368363	508.363875
0.600820	659.644869
0.532387	286.195740
0.608900	904.603128
0.492376	850.616362
0.431812	342.380305
0.635775	796.988976
0.176010	328.567589
0.614763	655.290040
0.354095	284.890008
0.612358	626.355150
0.290641	308.830670
0.517845	484.140359
0.625066	958.169189
0.474894	616.629631
0.578184	459.990673
0.597844	659.012677
0.574710	692.316379
0.636872	450.059156
0.463443	414.332182
0.316239	528.818220
0.194713	234.231178
0.363454	248.895598
0.293828	137.051192
0.509205	534.896839
0.324496	381.155916
0.180637	159.038640
0.175545	241.489252
0.606741	328.418867
0.522145	345.474275
0.422759	460.654133
0.627021	328.299611
0.224380	386.730884
0.653973	459.160652
0.531525	633.789703
0.323478	286.286639
0.554501	535.698121
0.583938	759.214645
0.455763	494.081221
0.616546	812.237701
0.299698	311.179943
0.381879	440.797272
0.249793	363.722230
0.341659	401.914529
0.358869	411.133704
0.634446	821.382940
0.233498	460.562688
0.454907	414.305764
0.499093	553.476864
0.628443	370.743174
0.659297	619.735399
0.580525	559.576867
0.651036	891.147213
0.591964	623.328146
0.648690	805.372059
0.564515	204.506008
0.235334	243.381369
0.443408	689.833446
0.542741	431.377502
0.419168	122.153567
0.378857	391.634505
0.516759	631.129118
0.639438	658.683237
0.173745	189.247494
0.585927	698.121662
0.569930	478.902945
0.648923	823.013346
0.638562	497.930177
0.583546	554.344798
0.494270	584.624635
0.337398	492.744191
0.504201	672.359282
0.584608	729.963023
0.627480	576.019153
0.592841	391.822811
0.331475	215.667001
0.525274	760.803812
0.409953	618.920351
0.107942	275.730664
0.334753	124.365754
0.268568	304.844782
0.610395	718.109926
0.370450	470.678319
0.385092	454.270710
0.647679	854.894018
0.432800	391.950673
0.109486	53.658422
0.384627	263.271819
0.273971	32.183592
0.258916	237.126310
0.232801	91.159337
0.522834	460.341526
0.327498	383.734011
0.424287	662.117528
0.616671	846.899752
0.453537	343.460358
0.633833	429.721754
0.485088	335.192238
0.441993	824.985492
0.579496	660.829689
0.227880	125.526795
0.245700	383.578770
0.544705	523.367725
0.480523	728.554679
0.593077	504.952586
0.634016	605.972185
0.437149	458.384146
0.524032	780.677932
0.486226	713.095778
0.654369	730.702396
0.606582	486.041707
0.632583	616.049336
0.368050	702.788914
0.587045	666.245743
0.374417	533.211250
0.340291	348.979072
0.642804	682.763046
0.140290	137.509634
0.649367	812.406365
0.298565	463.065908
0.602743	636.613051
0.380268	387.016330
0.419160	391.502081
0.345389	219.701768
0.519877	855.726562
0.417880	350.373102
0.546679	731.008114
0.130182	204.667985
0.217280	331.688895
0.255889	479.769764
0.451147	530.616865
0.601207	880.225637
0.625088	449.026770
0.362482	431.078789
0.515590	670.148374
0.585633	491.205692
0.387336	536.179617
0.446640	636.573208
0.495709	687.775879
0.287140	233.309186
0.156046	222.194535
0.301284	241.411234
0.535461	681.593618
0.228393	220.574213
0.327734	376.194361
0.412803	391.121961
0.233230	125.703283
0.329086	218.260589
0.632435	361.342883
0.140276	180.939147
0.545237	778.251797
0.435300	105.216673
0.552196	296.933866
0.521092	523.507856
0.349600	474.489001
0.611860	452.703157
0.482604	393.578100
0.603767	473.913798
0.445277	413.627037
0.655313	523.401428
0.586354	549.195930
0.649541	802.243687
0.491803	564.076695
0.474958	243.689332
0.581232	693.305945
0.622561	651.276381
0.648983	995.886515
0.406091	330.770105
0.595853	741.689318
0.341511	451.197180
0.504335	379.143502
0.320972	537.810689
0.417536	441.255791
0.638766	764.663080
0.296102	151.752764
0.537517	443.816103
0.522718	584.570978
0.275227	225.861168
0.406818	417.742214
0.511171	477.894332
0.326024	390.513185
0.596494	621.590073
0.651458	147.367539
0.344128	412.204250
0.325842	311.887452
0.466950	405.268183
0.578596	404.005375
0.383398	273.501065
0.141769	95.213245
0.502609	821.233755
0.646644	634.305873
0.438501	166.697712
0.451658	284.291856
0.650453	402.939436
0.560041	621.623230
0.568689	407.592872
0.511062	531.215978
0.652214	607.448710
0.558000	775.960575
0.627277	597.313778
0.561730	572.605909
0.574233	720.300413
0.388191	376.502181
0.395164	560.806662
0.590578	737.872924
0.391570	395.997793
0.511088	547.523311
0.365150	692.988335
0.601932	720.383470
0.266098	458.748418
0.606044	438.321642
0.526425	536.381722
0.325841	552.919100
0.502933	432.648449
0.383890	702.749528
0.405538	195.308047
0.419564	671.651876
0.215953	206.584193
0.655705	390.273251
0.167336	305.111660
0.548531	470.037948
0.429076	99.855526
0.542525	354.029713
0.421867	505.884369
0.552592	970.608580
0.572194	361.819216
0.558600	570.286250
0.269236	165.210961
0.546497	695.734942
0.382512	196.576274
0.161945	104.388699
0.449274	311.322155
0.457620	505.194569
0.472193	703.646966
0.563653	598.574468
0.397982	160.699659
0.401330	441.879561
0.212410	324.029536
0.557271	360.046135
0.513056	258.012915
0.418533	299.988585
0.563782	719.777997
0.501073	563.650533
0.473074	522.898703
0.490581	378.818958
0.538975	482.643877
0.547626	920.463111
0.387406	285.205740
0.291879	487.234818
0.304182	340.607035
0.540095	328.823363
0.620176	633.351834
0.446862	756.045321
0.313659	296.393944
0.581625	825.203047
0.607044	500.312878
0.622655	702.347777
0.527973	754.295949
0.616254	924.577977
0.129492	147.037267
0.263085	332.665711
0.248868	16.601471
0.566389	461.603555
0.223647	167.614025
0.484438	251.748682
0.474541	377.464551
0.398953	333.669090
0.619381	1019.112238
0.314315	408.652264
0.420022	392.990634
0.587602	1067.006264
0.165178	88.659384
0.552304	558.266970
0.601738	697.340630
0.639051	344.928969
0.621278	763.748312
0.403446	219.247505
0.520202	325.223574
0.232583	116.615839
0.370085	627.892052
0.250526	332.274807
0.401281	496.092066
0.620921	684.419936
0.417422	342.604069
0.510748	591.864467
0.457549	504.390486
0.468663	321.680171
0.650660	786.123953
0.391275	224.618738
0.535636	398.810477
0.451626	644.586554
0.213179	285.566616
0.481519	561.531234
0.600726	613.927563
0.255006	231.527722
0.223659	345.064927
0.301913	408.397537
0.584285	609.568730
0.570372	987.144926
0.511964	855.253318
0.472641	456.245693
0.625136	839.531609
0.585066	643.340210
0.600261	633.683775
0.600699	298.379529
0.541318	593.397016
0.468276	722.089902
0.617532	799.292575
0.637085	825.862024
0.151218	86.498019
0.200178	164.098649
0.647309	523.290614
0.380953	309.002481
0.620336	683.227211
0.437348	423.497093
0.273796	303.425472
0.236083	240.645498
0.304088	227.972113
0.365466	165.799879
0.481181	719.439542
0.562479	153.070990
0.655839	94.504884
0.461119	643.925016
0.493370	1028.158321
0.494839	622.679146
0.501899	122.806740
0.493190	366.765288
0.106140	302.419062
0.060381	129.025618
0.253942	281.117519
0.257718	176.848388
0.563679	156.202510
0.337820	61.590970
0.627176	711.825347
0.637902	244.735617
0.652610	1208.941663
0.641185	493.937697
0.378023	500.445060
0.489949	316.307862
0.317891	375.007144
0.598356	345.408080
0.625169	810.682482
0.613189	729.052006
0.457543	237.806775
0.582332	804.082144
0.253856	287.535666
0.182830	361.846298
0.580473	876.556248
0.453991	772.003751
0.658641	388.233671
0.253536	116.938810
0.614599	1100.706308
0.477610	485.001996
0.605288	499.632102
0.601979	777.905194
0.633928	535.174179
0.392180	501.331960
0.644529	878.819950
0.300414	455.098994
0.237749	173.346140
0.456769	472.330654
0.605674	606.218658
0.474844	509.746587
0.605991	444.399776
0.572351	588.076825
0.340731	349.686064
0.644243	682.891832
0.212707	345.735166
0.628312	665.174284
0.395673	282.736999
0.486000	576.017968
0.452651	613.267087
0.315319	248.930239
0.422789	512.586313
0.329916	187.592352
0.337150	280.024974
0.325941	642.499722
0.481389	765.149454
0.595594	672.135267
0.513500	672.733958
0.626695	885.130433
0.539047	889.719367
0.558169	568.469413
0.550379	613.721394
0.464583	433.257597
0.558168	292.077432
0.223798	207.270848
0.615970	806.552659
0.588833	800.637786
0.362730	584.812916
0.585520	295.257664
0.120709	173.123963
0.345697	164.220133
0.218231	182.956084
0.589648	879.861075
0.581375	619.591852
0.600823	762.283465
0.083954	45.949345
0.486446	478.300850
0.563657	700.840934
0.303253	161.803857
0.543909	469.528938
0.240058	82.807843
0.322000	384.455294
0.475847	844.705480
0.545286	757.836731
0.295929	637.690664
0.324687	494.197569
0.337514	514.857395
0.358852	399.963031
0.351485	362.858704
0.440294	420.172844
0.545368	742.506265
0.459596	305.741547
0.588212	287.384736
0.568722	916.221992
0.280195	16.164881
0.196242	445.245545
0.621807	772.854073
0.235409	191.600819
0.297852	389.087450
0.147319	254.749373
0.536012	425.823051
0.518671	691.439972
0.655994	869.482825
0.624690	504.407073
0.447472	174.998705
0.429247	301.558388
0.391648	262.458529
0.300980	100.609452
0.289745	382.234228
0.285012	285.638179
0.269373	441.225273
0.359934	261.790003
0.396843	388.356967
0.648188	752.117093
0.517173	755.482365
0.656206	697.775730
0.429666	379.332429
0.468109	686.693879
0.406105	329.840573
0.323080	129.121400
0.293802	298.732880
0.643058	839.750470
0.655965	304.575062
0.190299	232.020059
0.299401	365.390610
0.453174	725.047047
0.325447	266.273331
0.425559	336.463670
0.282360	267.996239
0.467629	416.479040
0.377915	500.052406
0.419749	490.221639
0.250616	367.287930
0.455224	681.404600
0.654875	999.380993
0.408266	414.534539
0.621321	1085.935264
0.610551	489.719869
0.645232	783.795895
0.592975	638.916071
0.547479	774.187580
0.614910	623.264880
0.230718	357.931156
0.470340	769.726539
0.656715	833.772808
0.586052	754.378614
0.648341	368.441950
0.589448	445.148283
0.620823	1061.832056
0.564254	677.799279
0.582956	647.117505
0.495388	458.140606
0.636528	307.966464
0.604592	555.191415
0.610776	632.105457
0.552325	411.322345
0.395745	262.940842
0.174906	191.415909
0.640113	720.575447
0.520109	398.018892
0.392336	460.642961
0.298467	497.887844
0.606069	616.152234
0.608366	862.586566
0.601112	920.899188
0.542186	315.189337
0.426584	218.933049
0.395476	400.702481
0.105198	152.610112
0.607411	598.039689
0.243574	201.716798
0.536908	632.490622
0.487615	41.018231
0.496803	876.306462
0.637306	519.715649
0.167490	347.789428
0.587338	377.406553
0.200886	124.898971
0.179311	115.042945
0.455973	969.833430
0.215644	11.194628
0.592650	696.639395
0.497957	745.843793
0.162425	229.955166
0.183252	157.066320
0.530168	884.061240
0.598323	876.983063
0.459494	450.300471
0.507884	556.170777
0.596229	993.836052
0.529356	1006.539321
0.350380	339.697114
0.530311	741.915219
0.535990	463.158879
0.573884	529.738538
0.533236	358.981018
0.650558	513.156194
0.332818	407.465400
0.644931	708.251197
0.501464	385.640530
0.551946	529.531202
0.255695	222.865136
0.433502	858.937980
0.585977	820.787402
0.564388	568.095545
0.182655	370.745579
0.504738	450.499948
0.244456	307.268699
0.658735	1078.398923
0.627999	608.037516
0.144772	201.702253
0.615580	553.166769
0.635013	532.901943
0.420551	468.846967
0.568804	997.948329
0.461380	463.497357
0.545893	859.879477
0.414031	660.921418
0.405074	320.362090
0.453580	427.598866
0.295692	353.625712
0.606600	634.868063
0.418176	238.279901
0.442596	897.027744
0.626965	799.747682
0.484545	468.249943
0.503812	577.574283
0.646612	386.071287
0.624624	640.829739
0.313621	565.692516
0.474756	730.436935
0.651192	678.842233
0.429618	459.233427
0.429241	534.914853
0.331317	306.041600
0.269560	99.738359
0.576027	611.648800
0.586198	660.900182
0.650487	196.147100
0.587347	355.372123
0.361620	238.891464
0.182617	167.620629
0.655544	703.960469
0.414097	333.926771
0.399613	319.177310
0.630751	890.837607
0.519718	328.580559
0.344199	347.592625
0.625382	999.099700
0.657972	746.306451
0.242783	334.815917
0.616747	608.167721
0.438148	117.272940
0.495749	582.522686
0.633556	740.983330
0.651835	416.487124
0.372540	360.181230
0.342917	591.887296
0.236164	145.476250
0.510709	540.543899
0.123882	136.875212
0.447950	629.068227
0.228122	372.515503
0.444919	585.026538
0.182311	164.823787
0.607939	356.501984
0.340931	291.382139
0.408001	502.825771
0.619266	759.484672
0.578080	958.447430
0.346822	360.020979
0.226391	300.856889
0.567465	626.759975
0.438235	287.792353
0.584856	594.667324
0.462773	496.834751
0.416848	716.121086
0.465339	456.295381
0.578868	1015.419366
0.629565	679.989076
0.197599	139.566208
0.495765	349.675040
0.169802	76.383642
0.472718	466.168831
0.624162	241.685174
0.424455	420.118481
0.639108	1156.438871
0.536853	650.746348
0.639643	827.812133
0.581817	372.965268
0.259512	265.060972
0.354298	269.751366
0.439842	685.152960
0.314081	189.933954
0.483837	492.551174
0.473975	536.543590
0.646538	685.934059
0.457702	650.581757
0.591468	468.240977
0.642069	629.787389
0.621501	830.780000
0.340243	355.438053
0.484299	470.192417
0.417704	115.386266
0.442463	596.054745
0.424077	767.254983
0.605027	694.255911
0.465743	672.050690
0.495597	513.972735
0.654626	540.234909
0.211665	18.514829
0.480948	571.488526
0.587564	631.206390
0.300028	464.092429
0.529741	658.788476
0.359309	736.681934
0.618413	679.565734
0.407387	386.995470
0.408382	322.271193
0.524708	532.142872
0.323546	541.955800
0.385196	133.691953
0.450086	822.165056
0.420595	865.913656
0.496073	577.319814
0.525257	456.579805
0.512606	387.850405
0.545505	449.373547
0.397409	153.792062
0.280110	292.436077
0.583061	284.854566
0.613024	774.349424
0.369588	332.878293
0.445769	324.948209
0.485349	527.009721
0.499464	889.708656
0.547441	667.044110
0.185057	200.864126
0.569493	743.077907
0.214238	324.232403
0.472667	729.858333
0.605459	462.020428
0.465343	689.313288
0.298432	249.959106
0.655420	1017.269838
0.625442	543.736063
0.586633	905.671696
0.447775	785.528861
0.323741	173.357496
0.641913	1089.745237
0.499074	258.131520
0.613536	492.536044
0.414914	425.663504
0.411519	870.435798
0.655576	727.434850
0.494846	541.948599
0.291841	384.243890
0.347220	656.480230
0.478433	645.471155
0.186456	121.811063
0.470213	384.358869
0.451123	245.284170
0.589348	679.830454
0.421231	278.168297
0.654657	553.993402
0.321613	524.234397
0.521968	462.525985
0.245929	276.462965
0.573800	560.090578
0.658397	388.244523
0.602644	552.439230
0.508325	491.379569
0.479604	724.004028
0.607878	538.304111
0.640212	597.249709
0.656700	842.634261
0.440936	583.178866
0.657224	861.120715
0.303649	558.966341
0.367593	542.168337
0.245222	220.561568
0.377939	538.384539
0.585487	609.371512
0.613721	511.614835
0.589198	509.957703
0.537023	417.896938
0.491657	308.787318
0.565019	409.251486
0.438296	190.942079
0.609934	899.906262
0.553827	870.480551
0.561173	617.067118
0.500506	705.240332
0.624145	463.865345
0.366702	586.598680
0.433770	447.291958
0.588776	313.064971
0.482940	300.933462
0.625420	600.046283
0.417044	143.406121
0.428171	361.406298
0.625267	338.779389
0.470998	363.333158
0.492534	399.718228
0.410251	853.628568
0.380682	266.769227
0.546154	431.668884
0.274444	361.566786
0.622234	886.319755
0.589303	562.944284
0.328445	512.581524
0.559832	516.377350
0.526389	397.239701
0.324215	280.919025
0.378757	476.708579
0.446630	453.523360
0.561682	678.636714
0.539850	426.626754
0.499027	630.323942
0.585648	532.927839
0.582081	585.632482
0.532111	586.541400
0.591927	714.369932
0.411005	315.232126
0.622869	850.088449
0.531008	657.935366
0.603710	480.131196
0.504613	914.184395
0.346445	424.574002
0.503081	505.992304
0.429021	278.159719
0.561065	610.131637
0.475846	318.531326
0.608233	599.179892
0.554144	523.434016
0.556459	686.383010
0.345640	216.451618
0.655179	888.108876
0.610054	551.373933
0.592603	585.731924
0.408966	557.128524
0.500385	580.755114
0.288953	232.269872
0.501518	458.493985
0.295944	234.259634
0.507278	568.946316
0.543518	487.950062
0.438000	559.627015
0.485339	542.653326
0.621071	436.185762
0.264316	220.782029
0.593519	474.271783
0.314546	281.726095
0.176810	212.180680
0.324928	330.089676
0.584503	778.320004
0.444873	310.612120
0.620063	976.334622
0.496005	431.870336
0.147598	116.459128
0.567829	691.122513
0.265852	408.680736
0.592729	567.529802
0.312636	425.312830
0.416573	637.540884
0.583219	760.632913
0.645908	303.136521
0.429174	615.590924
0.606028	808.993678
0.328475	413.671867
0.598678	764.570837
0.546716	972.337781
0.329788	333.655336
0.394649	160.827349
0.284587	274.611161
0.434625	157.069689
0.336996	332.087437
0.541788	609.496942
0.658321	580.123457
0.118536	189.631752
0.502490	706.432945
0.515319	504.082662
0.633365	945.430956
0.488406	240.070355
0.503593	703.329902
0.474095	684.006336
0.376351	311.361895
0.206406	150.259820
0.446481	369.420819
0.201648	315.319690
0.506276	712.528225
0.397170	346.520096
0.499574	565.461075
0.286667	149.578495
0.639164	645.721748
0.627114	1300.061355
0.327938	235.770975
0.415583	706.067322
0.530477	733.334540
0.251987	527.558899
0.421049	284.611838
0.366177	256.289912
0.633778	235.532364
0.613586	756.434592
0.517696	628.968544
0.494245	348.630139
0.638567	829.980540
0.639101	640.572148
0.650585	445.772202
0.279220	263.328754
0.307112	135.837954
0.553664	448.667962
0.502694	462.385907
0.138086	251.873590
0.214243	332.583265
0.625057	613.210806
0.618886	759.481334
0.422364	506.510791
0.626007	560.348487
0.522992	653.487061
0.598254	711.814782
0.454914	561.288948
0.268728	313.426046
0.457702	552.754514
0.467969	428.784671
0.506454	741.108885
0.261540	138.675744
0.657372	939.952165
0.362085	349.514110
0.333654	164.074647
0.496848	567.737190
0.501013	469.289349
0.460381	632.256442
0.586830	586.556358
0.492749	587.444507
0.529051	462.660254
0.570285	438.347579
0.153955	137.456262
0.514149	604.964011
0.623813	769.889586
0.135160	167.995923
0.444899	857.271929
0.637154	795.145910
0.420359	725.080460
0.468582	267.901459
0.654347	356.697251
0.334163	267.268539
0.218377	95.719996
0.615831	651.151541
0.618755	683.428571
0.474275	522.778628
0.491755	625.366627
0.608132	1024.282441
0.575424	832.383636
0.374234	201.581430
0.133776	106.625982
0.477491	373.828051
0.615665	465.623011
0.627533	676.701776
0.646527	696.258627
0.622328	502.336960
0.517777	638.094995
0.462472	585.200301
0.587831	224.214108
0.575860	554.452951
0.501386	756.595840
0.243464	261.205059
0.637108	589.452034
0.467238	374.108901
0.425296	312.711148
0.536468	325.462571
0.552623	753.198045
0.341538	150.959265
0.608503	525.302487
0.387936	138.884463
0.325686	453.990007
0.445454	157.100025
0.572654	491.782648
0.649388	730.357153
0.599377	574.976113
0.641581	553.060007
0.291769	234.392262
0.225541	348.636390
0.509109	896.636532
0.388130	349.931012
0.605586	290.461214
0.551958	221.791363
0.651017	831.925753
0.368312	417.164482
0.480040	657.847567
0.486450	605.344257
0.359137	583.658032
0.521627	780.097893
0.461897	645.165174
0.463394	482.135990
0.425008	358.647387
0.133878	146.273313
0.494952	517.993952
0.411498	477.801655
0.055090	54.241964
0.397511	482.773304
0.381764	396.378839
0.439508	503.451451
0.284654	198.853895
0.489094	479.437851
0.559271	448.984275
0.536697	776.769969
0.597538	606.513736
0.465686	342.631525
0.493737	194.145613
0.599749	708.578990
0.455034	322.819811
0.562515	1039.365003
0.458088	479.962874
0.450582	370.133752
0.582855	686.702690
0.317453	231.244613
0.413168	585.894704
0.350017	282.100256
0.423256	843.850558
0.353825	424.907127
0.517532	725.568750
0.595674	321.974399
0.591800	532.992672
0.425857	544.145466
0.656563	761.275434
0.523060	375.346585
0.442252	390.275271
0.608045	536.589369
0.572416	653.975699
0.579114	512.935593
0.332056	261.588199
0.472682	332.514826
0.616610	602.230057
0.487600	352.483790
0.556069	926.534429
0.520802	352.828019
0.610276	909.142240
0.385017	359.795764
0.516018	473.865367
0.277385	199.007294
0.558478	688.717619
0.573143	688.644748
0.187042	196.017809
0.553325	276.355054
0.449211	740.963648
0.278126	580.411454
0.451557	442.471673
0.330785	387.485176
0.449603	444.252869
0.435268	385.021638
0.575366	308.523696
0.587617	584.253786
0.528048	739.043643
0.148629	28.856629
0.638660	726.764858
0.557062	819.902382
0.172318	103.151012
0.602543	507.879575
0.334783	462.309779
0.517461	401.969622
0.471963	326.511035
0.451526	406.709147
0.625579	610.342289
0.459302	678.005646
0.230375	294.311005
0.643544	633.463019
0.635362	673.454976
0.556419	906.416436
0.472499	270.772204
0.249154	162.527748
0.593189	970.327132
0.230528	465.904937
0.222470	120.704204
0.501083	318.881564
0.306793	322.335795
0.101526	27.003471
0.452991	536.354770
0.289046	119.363068
0.307081	111.371909
0.232152	235.367989
0.337935	615.524335
0.567399	556.232035
0.599259	560.817274
0.465914	1004.018977
0.488631	519.574663
0.169463	150.617851
0.223329	190.793987
0.369911	278.067444
0.503671	527.831208
0.575767	576.043843
0.527284	427.394678
0.438896	289.632110
0.273115	215.474827
0.589833	617.945400
0.425513	163.206014
0.574558	388.555625
0.491255	818.870229
0.575459	625.898372
0.631174	343.448512
0.635517	758.967140
0.500175	232.130448
