1.4056855209432395	1265.9597750423843	200.4930627515412
0.4789758478475465	480.7828231923472	134.18690239575602
0.335613000764079	310.64085613380587	118.79947214396977
0.1512226454427394	79.94445747426445	93.01336666590733
0.45122606485465	295.0283978952564	131.41044382834835
0.9509201867492667	319.2846904101846	172.54440748803998
0.4087191397341945	27.232172662803237	126.98514180660055
0.28500780742763554	21.247954710677078	112.60600970965727
0.7386775443635456	682.7467922640054	156.95071200850958
0.2743054940443512	306.51729984081874	111.22929949295091
0.47544535689940554	510.3239471110321	133.83826529610144
0.4856028916212932	293.56940237079954	134.83782582463266
1.5895914146735475	1395.2341326496216	210.3286808606017
1.2242973611858448	1028.038363499991	190.05349626031355
0.18396056661556065	87.35056053524704	98.3862469315363
0.5069896764148918	331.8059899412382	136.9082719745256
0.17869119133651742	119.91600320539852	97.55340775786306
0.8160741025884045	460.4200998758897	162.88537867100942
0.20481567413366505	70.72673425954834	101.57771814837017
1.2380991379320587	1152.4385821320568	190.87705938675137
1.0792647248105978	1049.5383156976736	181.06813413138508
1.2518650878476043	1180.4615645379	191.6934049285722
1.6974684037391305	1559.1055202258722	215.79923551768613
0.11351461154539291	222.90872994468032	86.10964766552341
0.12154027685554515	154.48921430857752	87.65693763995883
1.7633041974871249	1404.6249871801995	219.0407204353369
0.2300253818692563	230.25138343807262	105.23723021788744
0.10493015000907711	27.7375001211536	84.39949526725782
0.4961264960594897	216.23443540652622	135.86228250802395
0.8065201066647646	707.3040440288161	162.1695113748693
0.014499853334951691	41.30474056815336	59.587623572402656
1.0451234442432662	906.9379147860288	178.85747282604757
1.0912339689342476	513.9121740770701	181.83402803165515
0.11599880817164054	66.81445359477863	86.59367612111727
1.412910463364373	685.0259542087634	200.89275400337195
1.5392230193821788	797.437542141445	207.7020072698661
0.39401590761513655	349.24129891717433	125.40119583760371
0.48477945209774315	91.13273765323879	134.75719187264548
0.6136597892156971	582.2074410098155	146.62368009902855
1.2449377352842315	1374.20926578649	191.28322945205622
1.0614805023449034	816.4865320770687	179.92147035218713
1.5002822985455009	1133.7707222233298	205.63765690636336
1.1105566867077261	1169.5461316710866	183.06075810221733
1.0520137075299092	841.9556526922602	179.3067782113108
1.0196106415342336	845.2107560973744	177.17952280205614
0.5221283202144437	350.01865965644197	138.3470659173037
0.3127906920161892	249.88316505726465	116.06712565936095
0.2530098678562878	338.0150883411102	108.41051422760366
0.3620401387201616	376.31654672058255	121.85175962427681
1.389525381790341	723.9550620872941	199.59485887262508
0.007562819940702649	28.374886897891294	56.29975095088849
0.7232209992688029	811.4449556168423	155.72653838692884
0.8639272618512828	764.7790551221146	166.40516131544314
1.6024087591310905	1087.9748690755232	210.98951785213535
1.014244405336532	897.7806314662168	176.82367527005383
0.5416020855009602	388.09457043767924	140.16687346696511
0.26520964814978887	150.720569541834	110.03870772333279
0.6457516041230342	588.5501545363004	149.37237965812037
0.2643682190601201	43.09019530320222	109.92758207788437
1.1959862283119027	955.3323369033642	188.34782940058682
0.07217291655369382	63.15312479232326	77.22093804817447
0.2714531019369019	293.7341501631547	110.85801612259185
1.471820037549868	994.4649767014406	204.10952707977208
0.48229191575475905	528.706467752442	134.5131811155921
0.9817398977116283	943.9618637793237	174.64590161316542
0.9762315465121821	944.1082001921175	174.27296901871892
0.7327696018525609	524.2118831359102	156.48441126469697
0.3355900347130012	396.9529710707151	118.79676916039342
0.4144725749408254	433.83769776656646	127.59718969718503
1.2613599167379137	696.4806523142377	192.253551831217
0.3669096980095991	199.46077990355167	122.40204892599338
0.7839335496568163	620.0823460583478	160.45892021498886
0.37959544962782193	348.78531750458507	123.81887095536892
0.6547420255406428	640.845055692578	150.12957933425642
0.5984491065682771	422.58272465863934	145.29477131320084
0.7329518996678247	736.8624959278541	156.49882930218848
0.1352354654985806	224.0530142130317	90.19465705610058
0.15493371154912608	282.8450500756512	93.64781185409832
0.074816565250749	111.26561793783789	77.84646027144964
0.575708754204791	446.6459670896544	143.27496950213174
1.7553421714389246	1166.7603742981398	218.65242800039462
0.0715299654493886	60.82439121092222	77.06734929179767
0.7649416747146057	447.3529427626808	159.00014178052297
0.1315151843326591	179.20928043792904	89.51727995180164
0.37017371703030927	235.49018992360965	122.76888270699266
1.6129519778453096	1601.4078551021264	211.53085377192596
0.11511982615175863	13.540586157358987	86.42294756640757
1.589039522883567	1404.3142555934546	210.3001584515118
0.08538079817550659	84.23530626931577	80.2570025238661
0.17472946051326224	252.688116746596	96.91967413853018
0.9719721156717476	678.277946382899	173.9838056785672
1.2194802040364046	947.0724249164144	189.764836561111
1.3923216288864215	1021.8737692374721	199.7506974899679
0.35035799892172886	261.62789770036335	120.51651292214287
0.3517816308265502	363.8395599557695	120.68039431738475
0.04881692977208721	62.22114464337378	71.20679631213162
0.41233480883006424	186.8369695731093	127.37027378600685
1.3073611493618325	1185.7647091285476	194.9346037166015
0.0908904378909649	77.48312389625038	81.46303085531461
0.8162845484253846	644.060192117609	162.90109650520412
0.20386263768253446	100.1662019976163	101.43530604331261
0.9827488697172859	952.3599274939434	174.71408851276888
0.38200738327168154	93.10478470519394	124.08558067856059
1.1273314516387345	963.8503348134207	184.1162154888221
0.16767542049189943	39.05503669741984	95.77449590882632
0.6615049058255125	693.2742018889217	150.6955938470753
0.1397905852660571	85.1744349965793	91.01259970447833
0.5479490246487994	383.7148756498896	140.752722516089
1.2747098391976603	1196.894778126404	193.037163587041
0.13464096151615945	81.14674417371626	90.08698529991337
0.14391399322502268	27.26578429025696	91.74259667446972
0.0012643687520939135	2.818470827690126	52.33561998730612
0.05798740058906658	108.02234424545662	73.68492662936032
0.13906014325338628	174.84616388536668	90.88226421274817
0.23868110701465164	156.94576582250824	106.44930252031637
0.5096760620486731	321.34962158941215	137.16517260001228
1.5641716815677726	1370.6174733229889	209.00906698275128
0.7302975881796764	580.9181854039565	156.2887107292962
0.0018047037929098807	70.92046424587465	52.76459904701745
1.4266777167838531	1035.4010651681426	201.65119592499101
0.8569690997654777	558.8454542398285	165.89998210915704
0.693690804991684	603.0021581251464	153.34871111643136
1.193217114102664	879.1778846671525	188.1797985390468
0.6420446157360106	772.8863607967542	149.0585642170308
0.600762183125064	665.2344389743303	145.4979773336299
1.576411340170953	1024.3117681525757	209.6459737838496
1.1344426157200072	856.5275434931754	184.56102682224554
0.06784775093150931	21.581744681816346	76.17628126991873
0.3420811139056711	140.13213132225576	119.55715326689653
0.5143677815746412	482.2235348712795	137.61219422330538
0.8045315847896465	806.9134824304859	162.0199454645474
0.39881589676734597	268.8240646896599	125.92147800815576
0.22151793222246002	166.3086088412161	104.02456805033755
0.9768757570024389	792.9841112588891	174.31664317965684
0.4352574576806705	297.8695982988211	129.77358780072112
0.8990798128058555	752.8103170089123	168.92443856083347
0.1126271914623227	173.56286911900835	85.93559442431986
0.13787936076708468	105.11000549099047	90.67091075621876
0.396616440835207	489.5746009829368	125.68346312521955
0.00862409532820335	4.954281519935673	56.848019005197905
0.09999449889392378	226.96979213376892	83.38809142411849
0.013592839158795894	96.14602461698503	59.19115761439946
0.7615595207417286	691.2566781321477	158.738344090421
0.5506709862082729	508.87417807778866	141.0029033168811
0.5835091755213352	487.4355765685995	143.9723750474791
0.3929648487610514	285.8573395695924	125.28684864558974
0.5021141917402044	284.93950947740257	136.44024886184252
1.674033231055572	1699.3030779205787	214.6280652266053
1.3077532675310601	1269.060181843341	194.95722851520821
0.4748100695010842	408.1005069921164	133.775391426381
0.7670983657676151	689.6631685036558	159.16676080741172
0.7211286307422627	771.6317383357662	155.55976209218306
0.2462844625821887	170.49725565433855	107.49680145461478
1.0932126676166825	840.0461166799261	181.9601957507027
0.15545030180781777	159.61597890155065	93.73557107493303
1.616336888728187	956.4086189597476	211.70422277070784
0.012926059546039814	77.31235659699497	58.89434425242634
0.08096880233412664	117.24072150996372	79.26677834645925
0.5382059574205729	378.2489723427024	139.85195000585279
0.10328361805251758	115.7237651395094	84.06447495648904
0.5081285231280539	522.897467889128	137.01726505466115
0.7591137619835407	393.99668286296117	158.54864375807114
0.44286127166209055	384.28738861171973	130.5567154711337
1.5472094545553414	1277.297418133383	208.12171669979736
0.6779257539190883	533.198804301694	152.0574411472416
1.4966134015201633	1319.3326442323105	205.44160157307752
0.07828612461739771	48.9310998008537	78.65332830556702
0.1054658134919719	148.29664543759438	84.50798430154484
0.43836414187307476	298.20579515075906	130.0943738993316
0.37340313013529064	177.9846210322466	123.1302547269511
0.36509138556132437	227.14471367172504	122.1969936275079
1.6342753346935266	1462.1367228019699	212.61956339434488
0.4603777510237158	547.4927911402102	132.33539782186622
1.326765861081767	1266.7800813934775	196.04971002592535
0.28303397371648725	56.02495257349591	112.35400806273564
0.6804356495730436	557.8412962326786	152.26406694208848
0.6861607047055376	649.5565515167239	152.73388690302195
1.2592842941784603	1162.3708744110074	192.13130206249014
0.04547908860853491	59.20785328170268	70.25919585437111
0.07156604281701814	28.27555303413926	77.0759828854935
0.5223057719832902	390.78523666371956	138.3638039571081
0.6375111655720938	673.4504267890036	148.67349695341576
1.968507633865659	1524.7749157390724	228.72005866972322
1.2670881320100986	975.0852161804489	192.5903501886093
1.2512305071983005	814.0005970432228	191.65588351840043
0.19131949299907053	127.15503541452132	99.5308957042534
1.6700005876965949	1540.0294519028892	214.42559195584107
0.2651997343708537	328.45916351020526	110.037399422101
1.052024782733631	1002.9889055618232	179.3074991097431
0.9119641291667718	799.0672660133794	169.8344742955434
0.4659483813814176	362.7167318127836	132.8938783252543
0.6508507622004451	245.82111562066564	149.80251671282315
0.16403114517572703	201.75396658189396	95.17411066975737
0.6287627505121985	404.4781906811113	147.92635855558805
0.18409801629677192	119.62122959575899	98.4078210211979
0.7672825174656789	807.1522308175679	159.18097623538776
1.4562511443060837	1134.2536944621547	203.26656014730085
0.007884445630358713	11.730835447850726	56.46812061322066
0.4561617256491665	395.0588470941703	131.91045056219374
0.9476754549172293	910.1699349230801	172.32101796739104
0.23001187805882145	177.39929527428524	105.23532243638971
0.02466090153074853	17.494615852994485	63.58815572083714
0.14451049909583102	109.33947192610195	91.8474044733691
0.22326507903525988	242.09360832062282	104.27539057363552
0.08585715487263627	267.5318909296436	80.36258095510028
0.4152532451121995	398.1659419002547	127.67990902165515
0.03780596674114755	18.61956137474553	67.97081736588292
0.12002983490911587	39.15119245305445	87.36932114216985
0.603086827563304	673.9499977338676	145.70179154567734
0.9048829973833235	943.4685019959289	169.3351915659999
0.37489212704004055	147.7314427460714	123.29635224952821
0.6753267604313159	269.10139377211635	151.8430570101732
1.947174620611743	1566.1680502751815	227.74171351523214
1.0107159346939507	934.4862651099517	176.58913292635683
1.406680894101099	851.4427317305217	200.54819645443203
0.8816774906165326	639.8488102432019	167.6840357548938
1.3882738463215367	972.6659322669511	199.52505193969927
1.4481942583151843	1054.7822006186734	202.82832552588766
1.4483244760916325	1466.7056476371909	202.83541933621308
1.0019898745093518	879.5155584584268	176.00717099364843
1.110663388722136	1089.3951424528775	183.06749942567853
0.27440856216512194	34.53212872813188	111.24268044043245
1.1307774760594413	771.6021883980139	184.3319612144011
1.3830115765947708	1362.3415557728476	199.2311500127389
0.5623604984343394	460.10176443427576	142.07015132422134
1.4049025418884284	1250.909203458186	200.4496780987932
0.2255435722765898	113.73612302174007	104.6010970840368
1.466626170261816	1124.8268011149416	203.82887142197904
0.22188726222309796	324.01904166987777	104.07766759638623
1.0874066211074418	1026.7517937247414	181.58962695247163
0.3879895095800841	264.0580839607918	124.7434931449329
1.831845360055971	2072.041950727919	222.3425388955359
0.2247499190526233	174.35776934569068	104.48782403206852
0.016221089427220368	83.56165326828467	60.31882041050043
0.9214714975844742	970.9467425024321	170.50154112151574
0.5173193915295053	381.95433236262033	137.89235487086154
1.2169530783372366	570.8136998881811	189.61314921033977
0.5998553632155933	338.4227643682259	145.4183607137617
0.3701444356538536	407.65615471827743	122.76559898873293
0.9695657552857018	903.8132138745265	173.8201381187322
0.37969211375442313	303.1703723775669	123.82957614606318
0.3362679501666791	281.86532268300334	118.87651806326159
0.17244411895066633	166.84487089402597	96.55105702182158
0.3735268848948579	541.5190387605699	123.1440720529919
1.3172344847212933	1055.2221579333943	195.50313241955718
0.9775286371668694	583.9206015138793	174.36088909569264
0.27214408876357266	434.98165971017875	110.94813100702356
0.13540966127843332	123.0757414518016	90.2261651913738
0.5435404260670215	444.9081665836606	140.3461622847877
0.1935665856985631	166.96627959560305	99.87629062051522
0.2902431607998938	178.44778224488397	113.27034703021359
0.4075869009196797	413.5538324349345	126.86418899108274
0.2751976843591045	308.63179311619626	111.34504888704409
0.4959322086023279	366.0145749265954	135.84346951594796
0.2603528314109195	65.813420402861	109.39491837738127
0.49294424083585064	355.87776825647927	135.55366921577274
0.4007300053336758	351.79773508574846	126.1280821927585
0.36552979734181207	100.82275777224649	122.24648045790688
1.7814301659299443	1477.0382426734038	219.92095685345902
0.742023391800193	407.90407776102074	157.21391710991392
0.6937386141513063	609.6285997225308	153.35260344228118
1.4356974114901513	1293.9758020652996	202.1458577580734
0.5447242482224516	654.7434105521882	140.45549984865787
1.6213880914192977	1335.111078226899	211.96255213438295
0.47585503666384593	224.91060769868088	133.87878840378022
0.2361902949666032	171.92965616507936	106.10269087057813
0.18723998541559142	166.03597049148863	98.89894593342638
0.3268063662266017	344.9710351165421	117.75623548090981
0.30863812563095655	303.17981956562875	115.5596083535667
0.4465549492504408	135.25452237859034	130.93469209205915
0.7588469993066639	576.4626834709554	158.52793323694883
1.388294247332118	1500.3089869619387	199.526190131378
1.6765363838644118	1512.9032943244965	214.75360490928358
0.08895965760443227	23.357449238220724	81.04410234870755
0.5466322328506605	535.9148700676483	140.6314645948672
1.7270319531493146	1521.8361106599148	217.2635636307888
1.7896334744493554	1521.404631050168	220.31763937141557
1.4736805193124496	1004.6351859099891	204.2099237743504
0.20626308361195747	218.72296440944893	101.79340775666556
1.661287391183797	1572.4997410479878	213.9871597442442
0.24397918243802647	241.99752492446888	107.18086207559917
0.729924314422031	616.079553901596	156.25912955157042
1.9511488913556043	1515.2722376801496	227.9244429833513
1.4462239567643413	1144.9411080602256	202.72094638342077
0.13282063404564015	285.54425768013914	89.75595131695997
0.007425980081555634	63.23012606092256	56.227498050963675
0.5171133058141859	207.79069021817247	137.87282018314062
0.20615291662422502	6.081636070965487	101.77701609287857
1.3401158468492662	1301.914368646187	196.81157812956812
0.47817016804483586	468.9353952315557	134.10745621426182
0.09459095818382265	44.142642202780564	82.25525341073903
1.4970393452771271	1310.3635157452322	205.46437673850798
0.32390877053442124	285.4540683760511	117.40998005790694
0.21041730913194862	358.64583934729853	102.40852339152005
1.5161177481057073	887.045685663754	206.48075763754562
1.1684534092732177	902.8626342591696	186.6674067340215
1.7853432583653215	1215.6535502811964	220.11031032673404
0.008762415939325757	25.66728618904071	56.917993340846735
1.623835361531049	1661.506231532245	212.0875459404953
0.05293996113925273	144.81690751952718	72.34234469372755
